LD 2018C63000002251810/07/2018101047AGR4111000000000098209/07/201809/07/201809/07/201801327364Rgl/Fact  26321015       C4           499  00    0             0321015                   0                       0                       0                       0                       0             
LD 2018C63000002251810/07/2018101047RGL5311463000000098209/07/201809/07/201809/07/201801327364Rgl/Facture 26321015     D4           499ES00    0             0321015                   0                       0                       0                       0                       0             
LD 2018C63000002251810/07/2018101047AGR4111000000000098209/07/201809/07/201809/07/201801327365Rgl/Fact  26321016       C4          2357  00    0             0321016                   0                       0                       0                       0                       0             
LD 2018C63000002251810/07/2018101047RGL5311463000000098209/07/201809/07/201809/07/201801327365Rgl/Facture 26321016     D4          2357ES00    0             0321016                   0                       0                       0                       0                       0             
LD 2018C63000002251810/07/2018101047AGR4111000000000098209/07/201809/07/201809/07/201801327366Rgl/Fact  26321017       C4          1099  00    0             0321017                   0                       0                       0                       0                       0             
LD 2018C63000002251810/07/2018101047RGL5311463000000098209/07/201809/07/201809/07/201801327366Rgl/Facture 26321017     D4          1099ES00    0             0321017                   0                       0                       0                       0                       0             
LD 2018C63000002251810/07/2018101047AGR4111000000000098209/07/201809/07/201809/07/201801327367Rgl/Fact  26321018       C4          3238  00    0             0321018                   0                       0                       0                       0                       0             
LD 2018C63000002251810/07/2018101047RGL5311463000000098209/07/201809/07/201809/07/201801327367Rgl/Facture 26321018     D4          3238CB00    0             0321018                   0                       0                       0                       0                       0             
LD 2018C63000002251810/07/2018101047AGR4111000000000098209/07/201809/07/201809/07/201801327368Rgl/Fact  26321019       C4           399  00    0             0321019                   0                       0                       0                       0                       0             
LD 2018C63000002251810/07/2018101047RGL5311463000000098209/07/201809/07/201809/07/201801327368Rgl/Facture 26321019     D4           399ES00    0             0321019                   0                       0                       0                       0                       0             
LD 2018C63000002251810/07/2018101047AGR4111000000000098209/07/201809/07/201809/07/201801327370Rgl/Fact  26321020       C4          3399  00    0             0321020                   0                       0                       0                       0                       0             
LD 2018C63000002251810/07/2018101047RGL5311463000000098209/07/201809/07/201809/07/201801327370Rgl/Facture 26321020     D4          3399CB00    0             0321020                   0                       0                       0                       0                       0             
LD 2018C63000002251810/07/2018101047AGR4111000000000098209/07/201809/07/201809/07/201801327371Rgl/Fact  26321021       C4          2500  00    0             0321021                   0                       0                       0                       0                       0             
LD 2018C63000002251810/07/2018101047RGL5311463000000098209/07/201809/07/201809/07/201801327371Rgl/Facture 26321021     D4          2500ES00    0             0321021                   0                       0                       0                       0                       0             
LD 2018C63000002251810/07/2018101047AGR4111000000000098209/07/201809/07/201809/07/201801327372Rgl/Fact  26321022       C4          5379  00    0             0321022                   0                       0                       0                       0                       0             
LD 2018C63000002251810/07/2018101047RGL5311463000000098209/07/201809/07/201809/07/201801327372Rgl/Facture 26321022     D4          5379ES00    0             0321022                   0                       0                       0                       0                       0             
LD 2018C63000002251810/07/2018101047AGR4111000000000098209/07/201809/07/201809/07/201801327373Rgl/Fact  26321023       C4          2649  00    0             0321023                   0                       0                       0                       0                       0             
LD 2018C63000002251810/07/2018101047RGL5311463000000098209/07/201809/07/201809/07/201801327373Rgl/Facture 26321023     D4          2649CB00    0             0321023                   0                       0                       0                       0                       0             
LD 2018C63000002251810/07/2018101047AGR4111000000000098209/07/201809/07/201809/07/201801327374Rgl/Fact  26321024       C4         29578  00    0             0321024                   0                       0                       0                       0                       0             
LD 2018C63000002251810/07/2018101047RGL5311463000000098209/07/201809/07/201809/07/201801327374Rgl/Facture 26321024     D4         29578CB00    0             0321024                   0                       0                       0                       0                       0             
LD 2018C63000002251810/07/2018101047AGR4111000000000098209/07/201809/07/201809/07/201801327375Rgl/Fact  26321025       C4          1799  00    0             0321025                   0                       0                       0                       0                       0             
LD 2018C63000002251810/07/2018101047RGL5311463000000098209/07/201809/07/201809/07/201801327375Rgl/Facture 26321025     D4          1799ES00    0             0321025                   0                       0                       0                       0                       0             
LD 2018C63000002251810/07/2018101047AGR4111000000000098209/07/201809/07/201809/07/201801327376Rgl/Fact  26321026       C4          1398  00    0             0321026                   0                       0                       0                       0                       0             
LD 2018C63000002251810/07/2018101047RGL5311463000000098209/07/201809/07/201809/07/201801327376Rgl/Facture 26321026     D4          1398ES00    0             0321026                   0                       0                       0                       0                       0             
LD 2018C63000002251810/07/2018101047AGR4111000000000098209/07/201809/07/201809/07/201801327377Rgl/Fact  26321027       C4         10261  00    0             0321027                   0                       0                       0                       0                       0             
LD 2018C63000002251810/07/2018101047RGL5311463000000098209/07/201809/07/201809/07/201801327377Rgl/Facture 26321027     D4         10261CB00    0             0321027                   0                       0                       0                       0                       0             
LD 2018C63000002251810/07/2018101047AGR4111000000000098209/07/201809/07/201809/07/201801327378Rgl/Fact  26321028       C4          2198  00    0             0321028                   0                       0                       0                       0                       0             
LD 2018C63000002251810/07/2018101047RGL5311463000000098209/07/201809/07/201809/07/201801327378Rgl/Facture 26321028     D4          2198CB00    0             0321028                   0                       0                       0                       0                       0             
LD 2018C63000002251810/07/2018101047AGR4111000000000098209/07/201809/07/201809/07/201801327379Rgl/Fact  26321029       C4          4408  00    0             0321029                   0                       0                       0                       0                       0             
LD 2018C63000002251810/07/2018101047RGL5311463000000098209/07/201809/07/201809/07/201801327379Rgl/Facture 26321029     D4          4408ES00    0             0321029                   0                       0                       0                       0                       0             
LD 2018C63000002251810/07/2018101047AGR4111000000000098209/07/201809/07/201809/07/201801327380Rgl/Fact  26321030       C4          3369  00    0             0321030                   0                       0                       0                       0                       0             
LD 2018C63000002251810/07/2018101047RGL5311463000000098209/07/201809/07/201809/07/201801327380Rgl/Facture 26321030     D4          3369ES00    0             0321030                   0                       0                       0                       0                       0             
LD 2018C63000002251810/07/2018101047AGR4111000000000098209/07/201809/07/201809/07/201801327381Rgl/Fact  26321031       C4          3464  00    0             0321031                   0                       0                       0                       0                       0             
LD 2018C63000002251810/07/2018101047RGL5311463000000098209/07/201809/07/201809/07/201801327381Rgl/Facture 26321031     D4          3464ES00    0             0321031                   0                       0                       0                       0                       0             
LD 2018C63000002251810/07/2018101047AGR4111000000000098209/07/201809/07/201809/07/201801327382Rgl/Fact  26321032       C4         22324  00    0             0321032                   0                       0                       0                       0                       0             
LD 2018C63000002251810/07/2018101047RGL5311463000000098209/07/201809/07/201809/07/201801327382Rgl/Facture 26321032     D4         22324CB00    0             0321032                   0                       0                       0                       0                       0             
LD 2018C63000002251810/07/2018101047AGR4111000000000098209/07/201809/07/201809/07/201801327383Rgl/Fact  26321033       C4          4945  00    0             0321033                   0                       0                       0                       0                       0             
LD 2018C63000002251810/07/2018101047RGL5311463000000098209/07/201809/07/201809/07/201801327383Rgl/Facture 26321033     D4          4945CB00    0             0321033                   0                       0                       0                       0                       0             
LD 2018C63000002251810/07/2018101047AGR4111000000000098209/07/201809/07/201809/07/201801327385Rgl/Fact  26321035       C4          3999  00    0             0321035                   0                       0                       0                       0                       0             
LD 2018C63000002251810/07/2018101047RGL5311463000000098209/07/201809/07/201809/07/201801327385Rgl/Facture 26321035     D4          3999ES00    0             0321035                   0                       0                       0                       0                       0             
LD 2018C63000002251810/07/2018101047AGR4111000000000098209/07/201809/07/201809/07/201801327387Rgl/Fact  26321036       C4         17250  00    0             0321036                   0                       0                       0                       0                       0             
LD 2018C63000002251810/07/2018101047RGL5311463000000098209/07/201809/07/201809/07/201801327387Rgl/Facture 26321036     D4         17250CH00    0             0321036                   0                       0                       0                       0                       0             
LD 2018C63000002251810/07/2018101048AGR4111000000000098209/07/201809/07/201809/07/201801327388Rgl/Fact  26321037       C4          8535  00    0             0321037                   0                       0                       0                       0                       0             
LD 2018C63000002251810/07/2018101048RGL5311463000000098209/07/201809/07/201809/07/201801327388Rgl/Facture 26321037     D4          8535CB00    0             0321037                   0                       0                       0                       0                       0             
LD 2018C63000002251810/07/2018101048AGR4111000000000098209/07/201809/07/201809/07/201801327389Rgl/Fact  26321038       C4          7297  00    0             0321038                   0                       0                       0                       0                       0             
LD 2018C63000002251810/07/2018101048RGL5311463000000098209/07/201809/07/201809/07/201801327389Rgl/Facture 26321038     D4          7297CB00    0             0321038                   0                       0                       0                       0                       0             
LD 2018C63000002251810/07/2018101048AGR4111000000000098209/07/201809/07/201809/07/201801327390Rgl/Fact  26321039       C4          2589  00    0             0321039                   0                       0                       0                       0                       0             
LD 2018C63000002251810/07/2018101048RGL5311463000000098209/07/201809/07/201809/07/201801327390Rgl/Facture 26321039     D4          2589ES00    0             0321039                   0                       0                       0                       0                       0             
LD 2018C63000002251810/07/2018101048AGR4111000000000098209/07/201809/07/201809/07/201801327391Rgl/Fact  26321040       C4          7299  00    0             0321040                   0                       0                       0                       0                       0             
LD 2018C63000002251810/07/2018101048RGL5311463000000098209/07/201809/07/201809/07/201801327391Rgl/Facture 26321040     D4          7299CB00    0             0321040                   0                       0                       0                       0                       0             
LD 2018C63000002251810/07/2018101048AGR4111000000000098209/07/201809/07/201809/07/201801327392Rgl/Fact  26321041       C4          1180  00    0             0321041                   0                       0                       0                       0                       0             
LD 2018C63000002251810/07/2018101048RGL5311463000000098209/07/201809/07/201809/07/201801327392Rgl/Facture 26321041     D4          1180CB00    0             0321041                   0                       0                       0                       0                       0             
LD 2018C63000002251810/07/2018101048AGR4111000000000098209/07/201809/07/201809/07/201801327393Rgl/Fact  26321042       C4          8757  00    0             0321042                   0                       0                       0                       0                       0             
LD 2018C63000002251810/07/2018101048RGL5311463000000098209/07/201809/07/201809/07/201801327393Rgl/Facture 26321042     D4          8757CB00    0             0321042                   0                       0                       0                       0                       0             
LD 2018C63000002251810/07/2018101048AGR4111000000000098209/07/201809/07/201809/07/201801327394Rgl/Fact  26321043       C4          3358  00    0             0321043                   0                       0                       0                       0                       0             
LD 2018C63000002251810/07/2018101048RGL5311463000000098209/07/201809/07/201809/07/201801327394Rgl/Facture 26321043     D4          3358ES00    0             0321043                   0                       0                       0                       0                       0             
LD 2018C63000002251810/07/2018101048AGR4111000000000098209/07/201809/07/201809/07/201801327395Rgl/Fact  26321044       C4          1258  00    0             0321044                   0                       0                       0                       0                       0             
LD 2018C63000002251810/07/2018101048RGL5311463000000098209/07/201809/07/201809/07/201801327395Rgl/Facture 26321044     D4          1258ES00    0             0321044                   0                       0                       0                       0                       0             
LD 2018C63000002251810/07/2018101048AGR4111000000000098209/07/201809/07/201809/07/201801327396Rgl/Fact  26321045       C4         31987  00    0             0321045                   0                       0                       0                       0                       0             
LD 2018C63000002251810/07/2018101048RGL5311463000000098209/07/201809/07/201809/07/201801327396Rgl/Facture 26321045     D4         31987CB00    0             0321045                   0                       0                       0                       0                       0             
LD 2018C63000002251810/07/2018101048AGR4111000000000098209/07/201809/07/201809/07/201801327397Rgl/Fact  26321046       C4         17269  00    0             0321046                   0                       0                       0                       0                       0             
LD 2018C63000002251810/07/2018101048RGL5311463000000098209/07/201809/07/201809/07/201801327397Rgl/Facture 26321046     D4         17269ES00    0             0321046                   0                       0                       0                       0                       0             
LD 2018C63000002251810/07/2018101048AGR4111000000000098209/07/201809/07/201809/07/201801327398Rgl/Fact  26321047       C4          2486  00    0             0321047                   0                       0                       0                       0                       0             
LD 2018C63000002251810/07/2018101048RGL5311463000000098209/07/201809/07/201809/07/201801327398Rgl/Facture 26321047     D4          2486ES00    0             0321047                   0                       0                       0                       0                       0             
LD 2018C63000002251810/07/2018101048AGR4111000000000098209/07/201809/07/201809/07/201801327399Rgl/Fact  26321048       C4          2798  00    0             0321048                   0                       0                       0                       0                       0             
LD 2018C63000002251810/07/2018101048RGL5311463000000098209/07/201809/07/201809/07/201801327399Rgl/Facture 26321048     D4          2798ES00    0             0321048                   0                       0                       0                       0                       0             
LD 2018C63000002251810/07/2018101048AGR4111000000000098209/07/201809/07/201809/07/201801327400Rgl/Fact  26321049       C4          2099  00    0             0321049                   0                       0                       0                       0                       0             
LD 2018C63000002251810/07/2018101048RGL5311463000000098209/07/201809/07/201809/07/201801327400Rgl/Facture 26321049     D4          2099ES00    0             0321049                   0                       0                       0                       0                       0             
LD 2018C63000002251810/07/2018101048AGR4111000000000098209/07/201809/07/201809/07/201801327401Rgl/Fact  26321050       C4          1399  00    0             0321050                   0                       0                       0                       0                       0             
LD 2018C63000002251810/07/2018101048RGL5311463000000098209/07/201809/07/201809/07/201801327401Rgl/Facture 26321050     D4          1399ES00    0             0321050                   0                       0                       0                       0                       0             
LD 2018C63000002251810/07/2018101048AGR4111000000000098209/07/201809/07/201809/07/201801327402Rgl/Fact  26321051       C4           999  00    0             0321051                   0                       0                       0                       0                       0             
LD 2018C63000002251810/07/2018101048RGL5311463000000098209/07/201809/07/201809/07/201801327402Rgl/Facture 26321051     D4           999ES00    0             0321051                   0                       0                       0                       0                       0             
LD 2018C63000002251810/07/2018101048AGR4111000000000098209/07/201809/07/201809/07/201801327403Rgl/Fact  26321052       C4         10354  00    0             0321052                   0                       0                       0                       0                       0             
LD 2018C63000002251810/07/2018101048RGL5311463000000098209/07/201809/07/201809/07/201801327403Rgl/Facture 26321052     D4         10354CB00    0             0321052                   0                       0                       0                       0                       0             
LD 2018C63000002251810/07/2018101048AGR4111000000166001409/07/201809/07/201809/07/201801327369Rgl/Fact  7782           C4          4492  00    0             0007782                   0                       0                       0                       0                       0             
LD 2018C63000002251810/07/2018101048RGL5311463000166001409/07/201809/07/201809/07/201801327369Rgl/Facture 7782         D4          4492CH00    0             0007782                   0                       0                       0                       0                       0             
LD 2018C63000002251810/07/2018101048AGR4111000000166023809/07/201809/07/201809/07/201801327386Rgl/Fact  78305253       C4         82166  00    0             0305253                   0                       0                       0                       0                       0             
LD 2018C63000002251810/07/2018101048RGL5311463000166023809/07/201809/07/201809/07/201801327386Rgl/Facture 78305253     D4         82166CH00    0             0305253                   0                       0                       0                       0                       0             
LD 2018C63000002251810/07/2018101048RGL5820000000000098209/07/201809/07/201809/07/201801327405463/Remise CH  09072018  D4        103908CH00    0             0072018                   0                       0                       0                       0                       0             
LD 2018C63000002251810/07/2018101048RGL531146300        09/07/201809/07/201809/07/201801327405463/Remise CH  09072018  C4        103908CH00    0             0072018                   0                       0                       0                       0                       0             
LD 2018C63000002251810/07/2018101048RGL5830000000000098209/07/201809/07/201809/07/201801327406463/Remise CB            D4        154001CB00    0             0000000                   0                       0                       0                       0                       0             
LD 2018C63000002251810/07/2018101048RGL531146300        09/07/201809/07/201809/07/201801327406463/Remise CB            C4        154001CB00    0             0000000                   0                       0                       0                       0                       0             
