LD 2018C51000002250810/07/2018100957AGR4111000000000097309/07/201809/07/201809/07/201801105478Rgl/Fact  25194976       C4          1598  00    0             0194976                   0                       0                       0                       0                       0             
LD 2018C51000002250810/07/2018100957RGL5311451000000097309/07/201809/07/201809/07/201801105478Rgl/Facture 25194976     D4          1598CB00    0             0194976                   0                       0                       0                       0                       0             
LD 2018C51000002250810/07/2018100957AGR4111000000000097309/07/201809/07/201809/07/201801105479Rgl/Fact  25194977       C4           949  00    0             0194977                   0                       0                       0                       0                       0             
LD 2018C51000002250810/07/2018100957RGL5311451000000097309/07/201809/07/201809/07/201801105479Rgl/Facture 25194977     D4           949ES00    0             0194977                   0                       0                       0                       0                       0             
LD 2018C51000002250810/07/2018100957AGR4111000000000097309/07/201809/07/201809/07/201801105480Rgl/Fact  25194978       C4          1339  00    0             0194978                   0                       0                       0                       0                       0             
LD 2018C51000002250810/07/2018100957RGL5311451000000097309/07/201809/07/201809/07/201801105480Rgl/Facture 25194978     D4          1339CB00    0             0194978                   0                       0                       0                       0                       0             
LD 2018C51000002250810/07/2018100957AGR4111000000000097309/07/201809/07/201809/07/201801105481Rgl/Fact  25194979       C4          1290  00    0             0194979                   0                       0                       0                       0                       0             
LD 2018C51000002250810/07/2018100957RGL5311451000000097309/07/201809/07/201809/07/201801105481Rgl/Facture 25194979     D4          1290CB00    0             0194979                   0                       0                       0                       0                       0             
LD 2018C51000002250810/07/2018100957AGR4111000000000097309/07/201809/07/201809/07/201801105482Rgl/Fact  25194980       C4          5699  00    0             0194980                   0                       0                       0                       0                       0             
LD 2018C51000002250810/07/2018100957RGL5311451000000097309/07/201809/07/201809/07/201801105482Rgl/Facture 25194980     D4          5699CB00    0             0194980                   0                       0                       0                       0                       0             
LD 2018C51000002250810/07/2018100957AGR4111000000000097309/07/201809/07/201809/07/201801105483Rgl/Fact  25194981       C4          3190  00    0             0194981                   0                       0                       0                       0                       0             
LD 2018C51000002250810/07/2018100957RGL5311451000000097309/07/201809/07/201809/07/201801105483Rgl/Facture 25194981     D4          3190ES00    0             0194981                   0                       0                       0                       0                       0             
LD 2018C51000002250810/07/2018100958AGR4111000000000097309/07/201809/07/201809/07/201801105484Rgl/Fact  25194982       C4          1127  00    0             0194982                   0                       0                       0                       0                       0             
LD 2018C51000002250810/07/2018100958RGL5311451000000097309/07/201809/07/201809/07/201801105484Rgl/Facture 25194982     D4          1127CB00    0             0194982                   0                       0                       0                       0                       0             
LD 2018C51000002250810/07/2018100958AGR4111000000000097309/07/201809/07/201809/07/201801105485Rgl/Fact  25194983       C4          2989  00    0             0194983                   0                       0                       0                       0                       0             
LD 2018C51000002250810/07/2018100958RGL5311451000000097309/07/201809/07/201809/07/201801105485Rgl/Facture 25194983     D4          2989CB00    0             0194983                   0                       0                       0                       0                       0             
LD 2018C51000002250810/07/2018100958AGR4111000000000097309/07/201809/07/201809/07/201801105486Rgl/Fact  25194984       C4          1699  00    0             0194984                   0                       0                       0                       0                       0             
LD 2018C51000002250810/07/2018100958RGL5311451000000097309/07/201809/07/201809/07/201801105486Rgl/Facture 25194984     D4          1699CB00    0             0194984                   0                       0                       0                       0                       0             
LD 2018C51000002250810/07/2018100958AGR4111000000000097309/07/201809/07/201809/07/201801105487Rgl/Fact  25194985       C4          3498  00    0             0194985                   0                       0                       0                       0                       0             
LD 2018C51000002250810/07/2018100958RGL5311451000000097309/07/201809/07/201809/07/201801105487Rgl/Facture 25194985     D4          3498CB00    0             0194985                   0                       0                       0                       0                       0             
LD 2018C51000002250810/07/2018100958AGR4111000000000097309/07/201809/07/201809/07/201801105488Rgl/Fact  25194986       C4          2199  00    0             0194986                   0                       0                       0                       0                       0             
LD 2018C51000002250810/07/2018100958RGL5311451000000097309/07/201809/07/201809/07/201801105488Rgl/Facture 25194986     D4          2199CB00    0             0194986                   0                       0                       0                       0                       0             
LD 2018C51000002250810/07/2018100958AGR4111000000000097309/07/201809/07/201809/07/201801105489Rgl/Fact  25194987       C4          1249  00    0             0194987                   0                       0                       0                       0                       0             
LD 2018C51000002250810/07/2018100958RGL5311451000000097309/07/201809/07/201809/07/201801105489Rgl/Facture 25194987     D4          1249CB00    0             0194987                   0                       0                       0                       0                       0             
LD 2018C51000002250810/07/2018100958AGR4111000000000097309/07/201809/07/201809/07/201801105490Rgl/Fact  25194988       C4           358  00    0             0194988                   0                       0                       0                       0                       0             
LD 2018C51000002250810/07/2018100958RGL5311451000000097309/07/201809/07/201809/07/201801105490Rgl/Facture 25194988     D4           358ES00    0             0194988                   0                       0                       0                       0                       0             
LD 2018C51000002250810/07/2018100958AGR4111000000000097309/07/201809/07/201809/07/201801105491Rgl/Fact  25194989       C4          4688  00    0             0194989                   0                       0                       0                       0                       0             
LD 2018C51000002250810/07/2018100958RGL5311451000000097309/07/201809/07/201809/07/201801105491Rgl/Facture 25194989     D4          4688CB00    0             0194989                   0                       0                       0                       0                       0             
LD 2018C51000002250810/07/2018100958AGR4111000000000097309/07/201809/07/201809/07/201801105492Rgl/Fact  25194990       C4          1990  00    0             0194990                   0                       0                       0                       0                       0             
LD 2018C51000002250810/07/2018100958RGL5311451000000097309/07/201809/07/201809/07/201801105492Rgl/Facture 25194990     D4          1990CB00    0             0194990                   0                       0                       0                       0                       0             
LD 2018C51000002250810/07/2018100958AGR4111000000000097309/07/201809/07/201809/07/201801105493Rgl/Fact  25194991       C4          1990  00    0             0194991                   0                       0                       0                       0                       0             
LD 2018C51000002250810/07/2018100958RGL5311451000000097309/07/201809/07/201809/07/201801105493Rgl/Facture 25194991     D4          1990CB00    0             0194991                   0                       0                       0                       0                       0             
LD 2018C51000002250810/07/2018100958AGR4111000000000097309/07/201809/07/201809/07/201801105495Rgl/Fact  25194993       C4          1530  00    0             0194993                   0                       0                       0                       0                       0             
LD 2018C51000002250810/07/2018100958RGL5311451000000097309/07/201809/07/201809/07/201801105495Rgl/Facture 25194993     D4          1530CB00    0             0194993                   0                       0                       0                       0                       0             
LD 2018C51000002250810/07/2018100958AGR4111000000000097309/07/201809/07/201809/07/201801105496Rgl/Fact  25194994       C4          5396  00    0             0194994                   0                       0                       0                       0                       0             
LD 2018C51000002250810/07/2018100958RGL5311451000000097309/07/201809/07/201809/07/201801105496Rgl/Facture 25194994     D4          5396CB00    0             0194994                   0                       0                       0                       0                       0             
LD 2018C51000002250810/07/2018100958AGR4111000000000097309/07/201809/07/201809/07/201801105497Rgl/Fact  25194995       C4          3412  00    0             0194995                   0                       0                       0                       0                       0             
LD 2018C51000002250810/07/2018100958RGL5311451000000097309/07/201809/07/201809/07/201801105497Rgl/Facture 25194995     D4          3412CB00    0             0194995                   0                       0                       0                       0                       0             
LD 2018C51000002250810/07/2018100958AGR4111000000000097309/07/201809/07/201809/07/201801105498Rgl/Fact  25194996       C4          4351  00    0             0194996                   0                       0                       0                       0                       0             
LD 2018C51000002250810/07/2018100958RGL5311451000000097309/07/201809/07/201809/07/201801105498Rgl/Facture 25194996     D4          4351CB00    0             0194996                   0                       0                       0                       0                       0             
LD 2018C51000002250810/07/2018100958AGR4111000000000097309/07/201809/07/201809/07/201801105499Rgl/Fact  25194997       C4          1249  00    0             0194997                   0                       0                       0                       0                       0             
LD 2018C51000002250810/07/2018100958RGL5311451000000097309/07/201809/07/201809/07/201801105499Rgl/Facture 25194997     D4          1249ES00    0             0194997                   0                       0                       0                       0                       0             
LD 2018C51000002250810/07/2018100958AGR4111000000000097309/07/201809/07/201809/07/201801105500Rgl/Fact  25194998       C4         10113  00    0             0194998                   0                       0                       0                       0                       0             
LD 2018C51000002250810/07/2018100958RGL5311451000000097309/07/201809/07/201809/07/201801105500Rgl/Facture 25194998     D4         10113CB00    0             0194998                   0                       0                       0                       0                       0             
LD 2018C51000002250810/07/2018100958AGR4111000000000097309/07/201809/07/201809/07/201801105501Rgl/Fact  25194999       C4          5063  00    0             0194999                   0                       0                       0                       0                       0             
LD 2018C51000002250810/07/2018100958RGL5311451000000097309/07/201809/07/201809/07/201801105501Rgl/Facture 25194999     D4          5063CB00    0             0194999                   0                       0                       0                       0                       0             
LD 2018C51000002250810/07/2018100958AGR4111000000000097309/07/201809/07/201809/07/201801105502Rgl/Fact  25195000       C4          2390  00    0             0195000                   0                       0                       0                       0                       0             
LD 2018C51000002250810/07/2018100958RGL5311451000000097309/07/201809/07/201809/07/201801105502Rgl/Facture 25195000     D4          2390CB00    0             0195000                   0                       0                       0                       0                       0             
LD 2018C51000002250810/07/2018100958AGR4111000000000097309/07/201809/07/201809/07/201801105503Rgl/Fact  25195001       C4          6053  00    0             0195001                   0                       0                       0                       0                       0             
LD 2018C51000002250810/07/2018100958RGL5311451000000097309/07/201809/07/201809/07/201801105503Rgl/Facture 25195001     D4          6053ES00    0             0195001                   0                       0                       0                       0                       0             
LD 2018C51000002250810/07/2018100958AGR4111000000000097309/07/201809/07/201809/07/201801105504Rgl/Fact  25195002       C4          5437  00    0             0195002                   0                       0                       0                       0                       0             
LD 2018C51000002250810/07/2018100958RGL5311451000000097309/07/201809/07/201809/07/201801105504Rgl/Facture 25195002     D4          5437CB00    0             0195002                   0                       0                       0                       0                       0             
LD 2018C51000002250810/07/2018100958AGR4111000000000097309/07/201809/07/201809/07/201801105505Rgl/Fact  25195003       C4          6408  00    0             0195003                   0                       0                       0                       0                       0             
LD 2018C51000002250810/07/2018100958RGL5311451000000097309/07/201809/07/201809/07/201801105505Rgl/Facture 25195003     D4          6408ES00    0             0195003                   0                       0                       0                       0                       0             
LD 2018C51000002250810/07/2018100958AGR4111000000000097309/07/201809/07/201809/07/201801105506Rgl/Fact  25195004       C4           849  00    0             0195004                   0                       0                       0                       0                       0             
LD 2018C51000002250810/07/2018100958RGL5311451000000097309/07/201809/07/201809/07/201801105506Rgl/Facture 25195004     D4           849ES00    0             0195004                   0                       0                       0                       0                       0             
LD 2018C51000002250810/07/2018100958AGR4111000000000097309/07/201809/07/201809/07/201801105507Rgl/Fact  25195005       C4           548  00    0             0195005                   0                       0                       0                       0                       0             
LD 2018C51000002250810/07/2018100958RGL5311451000000097309/07/201809/07/201809/07/201801105507Rgl/Facture 25195005     D4           548CB00    0             0195005                   0                       0                       0                       0                       0             
LD 2018C51000002250810/07/2018100958AGR4111000000000097309/07/201809/07/201809/07/201801105508Rgl/Fact  25195006       C4          2189  00    0             0195006                   0                       0                       0                       0                       0             
LD 2018C51000002250810/07/2018100958RGL5311451000000097309/07/201809/07/201809/07/201801105508Rgl/Facture 25195006     D4          2189CB00    0             0195006                   0                       0                       0                       0                       0             
LD 2018C51000002250810/07/2018100958AGR4111000000000097309/07/201809/07/201809/07/201801105509Rgl/Fact  25195007       C4          1499  00    0             0195007                   0                       0                       0                       0                       0             
LD 2018C51000002250810/07/2018100958RGL5311451000000097309/07/201809/07/201809/07/201801105509Rgl/Facture 25195007     D4          1499ES00    0             0195007                   0                       0                       0                       0                       0             
LD 2018C51000002250810/07/2018100958AGR4111000000000097309/07/201809/07/201809/07/201801105510Rgl/Fact  25195008       C4          2129  00    0             0195008                   0                       0                       0                       0                       0             
LD 2018C51000002250810/07/2018100958RGL5311451000000097309/07/201809/07/201809/07/201801105510Rgl/Facture 25195008     D4          2129CB00    0             0195008                   0                       0                       0                       0                       0             
LD 2018C51000002250810/07/2018100958AGR4111000000000097309/07/201809/07/201809/07/201801105511Rgl/Fact  25195009       C4          4954  00    0             0195009                   0                       0                       0                       0                       0             
LD 2018C51000002250810/07/2018100958RGL5311451000000097309/07/201809/07/201809/07/201801105511Rgl/Facture 25195009     D4          4954CB00    0             0195009                   0                       0                       0                       0                       0             
LD 2018C51000002250810/07/2018100958AGR4111000000000097309/07/201809/07/201809/07/201801105512Rgl/Fact  25195010       C4          1445  00    0             0195010                   0                       0                       0                       0                       0             
LD 2018C51000002250810/07/2018100958RGL5311451000000097309/07/201809/07/201809/07/201801105512Rgl/Facture 25195010     D4          1445CB00    0             0195010                   0                       0                       0                       0                       0             
LD 2018C51000002250810/07/2018100958AGR4111000000000097309/07/201809/07/201809/07/201801105513Rgl/Fact  25195011       C4          1939  00    0             0195011                   0                       0                       0                       0                       0             
LD 2018C51000002250810/07/2018100958RGL5311451000000097309/07/201809/07/201809/07/201801105513Rgl/Facture 25195011     D4          1939ES00    0             0195011                   0                       0                       0                       0                       0             
LD 2018C51000002250810/07/2018100958AGR4111000000000097309/07/201809/07/201809/07/201801105514Rgl/Fact  25195012       C4          2055  00    0             0195012                   0                       0                       0                       0                       0             
LD 2018C51000002250810/07/2018100958RGL5311451000000097309/07/201809/07/201809/07/201801105514Rgl/Facture 25195012     D4          2055ES00    0             0195012                   0                       0                       0                       0                       0             
LD 2018C51000002250810/07/2018100958AGR4111000000000097309/07/201809/07/201809/07/201801105515Rgl/Fact  25195013       C4           330  00    0             0195013                   0                       0                       0                       0                       0             
LD 2018C51000002250810/07/2018100958RGL5311451000000097309/07/201809/07/201809/07/201801105515Rgl/Facture 25195013     D4           330ES00    0             0195013                   0                       0                       0                       0                       0             
LD 2018C51000002250810/07/2018100958AGR4111000000000097309/07/201809/07/201809/07/201801105516Rgl/Fact  25195014       C4          8546  00    0             0195014                   0                       0                       0                       0                       0             
LD 2018C51000002250810/07/2018100958RGL5311451000000097309/07/201809/07/201809/07/201801105516Rgl/Facture 25195014     D4          8546CB00    0             0195014                   0                       0                       0                       0                       0             
LD 2018C51000002250810/07/2018100958AGR4111000000000097309/07/201809/07/201809/07/201801105517Rgl/Fact  25195015       C4           899  00    0             0195015                   0                       0                       0                       0                       0             
LD 2018C51000002250810/07/2018100958RGL5311451000000097309/07/201809/07/201809/07/201801105517Rgl/Facture 25195015     D4           899ES00    0             0195015                   0                       0                       0                       0                       0             
LD 2018C51000002250810/07/2018100958AGR4111000000000097309/07/201809/07/201809/07/201801105518Rgl/Fact  25195016       C4          5160  00    0             0195016                   0                       0                       0                       0                       0             
LD 2018C51000002250810/07/2018100958RGL5311451000000097309/07/201809/07/201809/07/201801105518Rgl/Facture 25195016     D4          5160CB00    0             0195016                   0                       0                       0                       0                       0             
LD 2018C51000002250810/07/2018100958AGR4111000000000097309/07/201809/07/201809/07/201801105519Rgl/Fact  25195017       C4          6028  00    0             0195017                   0                       0                       0                       0                       0             
LD 2018C51000002250810/07/2018100958RGL5311451000000097309/07/201809/07/201809/07/201801105519Rgl/Facture 25195017     D4          6028ES00    0             0195017                   0                       0                       0                       0                       0             
LD 2018C51000002250810/07/2018100959AGR4111000000000097309/07/201809/07/201809/07/201801105520Rgl/Fact  25195018       C4          4804  00    0             0195018                   0                       0                       0                       0                       0             
LD 2018C51000002250810/07/2018100959RGL5311451000000097309/07/201809/07/201809/07/201801105520Rgl/Facture 25195018     D4          4804CB00    0             0195018                   0                       0                       0                       0                       0             
LD 2018C51000002250810/07/2018100959AGR4111000000000097309/07/201809/07/201809/07/201801105521Rgl/Fact  25195019       C4           810  00    0             0195019                   0                       0                       0                       0                       0             
LD 2018C51000002250810/07/2018100959RGL5311451000000097309/07/201809/07/201809/07/201801105521Rgl/Facture 25195019     D4           810ES00    0             0195019                   0                       0                       0                       0                       0             
LD 2018C51000002250810/07/2018100959AGR4111000000000097309/07/201809/07/201809/07/201801105522Rgl/Fact  25195020       C4           300  00    0             0195020                   0                       0                       0                       0                       0             
LD 2018C51000002250810/07/2018100959RGL5311451000000097309/07/201809/07/201809/07/201801105522Rgl/Facture 25195020     D4           300ES00    0             0195020                   0                       0                       0                       0                       0             
LD 2018C51000002250810/07/2018100959AGR4111000000000097309/07/201809/07/201809/07/201801105523Rgl/Fact  25195021       C4          4052  00    0             0195021                   0                       0                       0                       0                       0             
LD 2018C51000002250810/07/2018100959RGL5311451000000097309/07/201809/07/201809/07/201801105523Rgl/Facture 25195021     D4          4052ES00    0             0195021                   0                       0                       0                       0                       0             
LD 2018C51000002250810/07/2018100959AGR4111000000000097309/07/201809/07/201809/07/201801105524Rgl/Fact  25195022       C4           799  00    0             0195022                   0                       0                       0                       0                       0             
LD 2018C51000002250810/07/2018100959RGL5311451000000097309/07/201809/07/201809/07/201801105524Rgl/Facture 25195022     D4           799CB00    0             0195022                   0                       0                       0                       0                       0             
LD 2018C51000002250810/07/2018100959AGR4111000000000097309/07/201809/07/201809/07/201801105525Rgl/Fact  25195023       C4          1799  00    0             0195023                   0                       0                       0                       0                       0             
LD 2018C51000002250810/07/2018100959RGL5311451000000097309/07/201809/07/201809/07/201801105525Rgl/Facture 25195023     D4          1799CB00    0             0195023                   0                       0                       0                       0                       0             
LD 2018C51000002250810/07/2018100959AGR4111000000000097309/07/201809/07/201809/07/201801105526Rgl/Fact  25195024       C4          4302  00    0             0195024                   0                       0                       0                       0                       0             
LD 2018C51000002250810/07/2018100959RGL5311451000000097309/07/201809/07/201809/07/201801105526Rgl/Facture 25195024     D4          4302CB00    0             0195024                   0                       0                       0                       0                       0             
LD 2018C51000002250810/07/2018100959AGR4111000000000097309/07/201809/07/201809/07/201801105527Rgl/Fact  25195025       C4          1445  00    0             0195025                   0                       0                       0                       0                       0             
LD 2018C51000002250810/07/2018100959RGL5311451000000097309/07/201809/07/201809/07/201801105527Rgl/Facture 25195025     D4          1445CB00    0             0195025                   0                       0                       0                       0                       0             
LD 2018C51000002250810/07/2018100959AGR4111000000000097309/07/201809/07/201809/07/201801105528Rgl/Fact  25195026       C4          1999  00    0             0195026                   0                       0                       0                       0                       0             
LD 2018C51000002250810/07/2018100959RGL5311451000000097309/07/201809/07/201809/07/201801105528Rgl/Facture 25195026     D4          1999CB00    0             0195026                   0                       0                       0                       0                       0             
LD 2018C51000002250810/07/2018100959AGR4111000000000097309/07/201809/07/201809/07/201801105529Rgl/Fact  25195027       C4          7860  00    0             0195027                   0                       0                       0                       0                       0             
LD 2018C51000002250810/07/2018100959RGL5311451000000097309/07/201809/07/201809/07/201801105529Rgl/Facture 25195027     D4          7860CB00    0             0195027                   0                       0                       0                       0                       0             
LD 2018C51000002250810/07/2018100959AGR4111000000000097309/07/201809/07/201809/07/201801105530Rgl/Fact  25195028       C4           649  00    0             0195028                   0                       0                       0                       0                       0             
LD 2018C51000002250810/07/2018100959RGL5311451000000097309/07/201809/07/201809/07/201801105530Rgl/Facture 25195028     D4           649ES00    0             0195028                   0                       0                       0                       0                       0             
LD 2018C51000002250810/07/2018100959AGR4111000000000097309/07/201809/07/201809/07/201801105531Rgl/Fact  25195029       C4          2087  00    0             0195029                   0                       0                       0                       0                       0             
LD 2018C51000002250810/07/2018100959RGL5311451000000097309/07/201809/07/201809/07/201801105531Rgl/Facture 25195029     D4          2087ES00    0             0195029                   0                       0                       0                       0                       0             
LD 2018C51000002250810/07/2018100959AGR4111000000000097309/07/201809/07/201809/07/201801105532Rgl/Fact  25195030       C4         13498  00    0             0195030                   0                       0                       0                       0                       0             
LD 2018C51000002250810/07/2018100959RGL5311451000000097309/07/201809/07/201809/07/201801105532Rgl/Facture 25195030     D4         13498CB00    0             0195030                   0                       0                       0                       0                       0             
LD 2018C51000002250810/07/2018100959AGR4111000000000097309/07/201809/07/201809/07/201801105533Rgl/Fact  25195031       C4          1999  00    0             0195031                   0                       0                       0                       0                       0             
LD 2018C51000002250810/07/2018100959RGL5311451000000097309/07/201809/07/201809/07/201801105533Rgl/Facture 25195031     D4          1999ES00    0             0195031                   0                       0                       0                       0                       0             
LD 2018C51000002250810/07/2018100959AGR4111000000000097309/07/201809/07/201809/07/201801105534Rgl/Fact  25195032       C4          5726  00    0             0195032                   0                       0                       0                       0                       0             
LD 2018C51000002250810/07/2018100959RGL5311451000000097309/07/201809/07/201809/07/201801105534Rgl/Facture 25195032     D4          5726CH00    0             0195032                   0                       0                       0                       0                       0             
LD 2018C51000002250810/07/2018100959AGR4111000000000097309/07/201809/07/201809/07/201801105535Rgl/Fact  25195033       C4          2502  00    0             0195033                   0                       0                       0                       0                       0             
LD 2018C51000002250810/07/2018100959RGL5311451000000097309/07/201809/07/201809/07/201801105535Rgl/Facture 25195033     D4          2502CB00    0             0195033                   0                       0                       0                       0                       0             
LD 2018C51000002250810/07/2018100959AGR4111000000000097309/07/201809/07/201809/07/201801105536Rgl/Fact  25195034       C4           799  00    0             0195034                   0                       0                       0                       0                       0             
LD 2018C51000002250810/07/2018100959RGL5311451000000097309/07/201809/07/201809/07/201801105536Rgl/Facture 25195034     D4           799ES00    0             0195034                   0                       0                       0                       0                       0             
LD 2018C51000002250810/07/2018100959AGR4111000000000097309/07/201809/07/201809/07/201801105537Rgl/Fact  25195035       C4          1695  00    0             0195035                   0                       0                       0                       0                       0             
LD 2018C51000002250810/07/2018100959RGL5311451000000097309/07/201809/07/201809/07/201801105537Rgl/Facture 25195035     D4          1695CB00    0             0195035                   0                       0                       0                       0                       0             
LD 2018C51000002250810/07/2018100959AGR4111000000000097309/07/201809/07/201809/07/201801105538Rgl/Fact  25195036       C4          4289  00    0             0195036                   0                       0                       0                       0                       0             
LD 2018C51000002250810/07/2018100959RGL5311451000000097309/07/201809/07/201809/07/201801105538Rgl/Facture 25195036     D4          4289ES00    0             0195036                   0                       0                       0                       0                       0             
LD 2018C51000002250810/07/2018100959AGR4111000000000097309/07/201809/07/201809/07/201801105539Rgl/Fact  25195037       C4          4097  00    0             0195037                   0                       0                       0                       0                       0             
LD 2018C51000002250810/07/2018100959RGL5311451000000097309/07/201809/07/201809/07/201801105539Rgl/Facture 25195037     D4          4097CB00    0             0195037                   0                       0                       0                       0                       0             
LD 2018C51000002250810/07/2018100959AGR4111000000000097309/07/201809/07/201809/07/201801105540Rgl/Fact  25195038       C4          1659  00    0             0195038                   0                       0                       0                       0                       0             
LD 2018C51000002250810/07/2018100959RGL5311451000000097309/07/201809/07/201809/07/201801105540Rgl/Facture 25195038     D4          1659CB00    0             0195038                   0                       0                       0                       0                       0             
LD 2018C51000002250810/07/2018100959AGR4111000000000097309/07/201809/07/201809/07/201801105541Rgl/Fact  25195039       C4           999  00    0             0195039                   0                       0                       0                       0                       0             
LD 2018C51000002250810/07/2018100959RGL5311451000000097309/07/201809/07/201809/07/201801105541Rgl/Facture 25195039     D4           999CB00    0             0195039                   0                       0                       0                       0                       0             
LD 2018C51000002250810/07/2018100959AGR4111000000000097309/07/201809/07/201809/07/201801105542Rgl/Fact  25195040       C4          3199  00    0             0195040                   0                       0                       0                       0                       0             
LD 2018C51000002250810/07/2018100959RGL5311451000000097309/07/201809/07/201809/07/201801105542Rgl/Facture 25195040     D4          3199CB00    0             0195040                   0                       0                       0                       0                       0             
LD 2018C51000002250810/07/2018100959AGR4111000000000097309/07/201809/07/201809/07/201801105543Rgl/Fact  25195041       C4           999  00    0             0195041                   0                       0                       0                       0                       0             
LD 2018C51000002250810/07/2018100959RGL5311451000000097309/07/201809/07/201809/07/201801105543Rgl/Facture 25195041     D4           999ES00    0             0195041                   0                       0                       0                       0                       0             
LD 2018C51000002250810/07/2018100959AGR4111000000000097309/07/201809/07/201809/07/201801105544Rgl/Fact  25195042       C4          1399  00    0             0195042                   0                       0                       0                       0                       0             
LD 2018C51000002250810/07/2018100959RGL5311451000000097309/07/201809/07/201809/07/201801105544Rgl/Facture 25195042     D4          1399CB00    0             0195042                   0                       0                       0                       0                       0             
LD 2018C51000002250810/07/2018100959AGR4111000000000097309/07/201809/07/201809/07/201801105545Rgl/Fact  25195043       C4         15139  00    0             0195043                   0                       0                       0                       0                       0             
LD 2018C51000002250810/07/2018100959RGL5311451000000097309/07/201809/07/201809/07/201801105545Rgl/Facture 25195043     D4         15139CB00    0             0195043                   0                       0                       0                       0                       0             
LD 2018C51000002250810/07/2018100959AGR4111000000000097309/07/201809/07/201809/07/201801105546Rgl/Fact  25195044       C4          4006  00    0             0195044                   0                       0                       0                       0                       0             
LD 2018C51000002250810/07/2018100959RGL5311451000000097309/07/201809/07/201809/07/201801105546Rgl/Facture 25195044     D4          4006CB00    0             0195044                   0                       0                       0                       0                       0             
LD 2018C51000002250810/07/2018100959AGR4111000000000097309/07/201809/07/201809/07/201801105547Rgl/Fact  25195045       C4          1797  00    0             0195045                   0                       0                       0                       0                       0             
LD 2018C51000002250810/07/2018100959RGL5311451000000097309/07/201809/07/201809/07/201801105547Rgl/Facture 25195045     D4          1797CB00    0             0195045                   0                       0                       0                       0                       0             
LD 2018C51000002250810/07/2018100959AGR4111000000000097309/07/201809/07/201809/07/201801105548Rgl/Fact  25195046       C4           250  00    0             0195046                   0                       0                       0                       0                       0             
LD 2018C51000002250810/07/2018100959RGL5311451000000097309/07/201809/07/201809/07/201801105548Rgl/Facture 25195046     D4           250ES00    0             0195046                   0                       0                       0                       0                       0             
LD 2018C51000002250810/07/2018100959AGR4111000000000097309/07/201809/07/201809/07/201801105549Rgl/Fact  25195047       C4          7436  00    0             0195047                   0                       0                       0                       0                       0             
LD 2018C51000002250810/07/2018100959RGL5311451000000097309/07/201809/07/201809/07/201801105549Rgl/Facture 25195047     D4          7436CB00    0             0195047                   0                       0                       0                       0                       0             
LD 2018C51000002250810/07/2018100959AGR4111000000000097309/07/201809/07/201809/07/201801105550Rgl/Fact  25195048       C4           500  00    0             0195048                   0                       0                       0                       0                       0             
LD 2018C51000002250810/07/2018100959RGL5311451000000097309/07/201809/07/201809/07/201801105550Rgl/Facture 25195048     D4           500ES00    0             0195048                   0                       0                       0                       0                       0             
LD 2018C51000002250810/07/2018100959AGR4111000000000097309/07/201809/07/201809/07/201801105551Rgl/Fact  25195049       C4          1037  00    0             0195049                   0                       0                       0                       0                       0             
LD 2018C51000002250810/07/2018100959RGL5311451000000097309/07/201809/07/201809/07/201801105551Rgl/Facture 25195049     D4          1037CB00    0             0195049                   0                       0                       0                       0                       0             
LD 2018C51000002250810/07/2018100959AGR4111000000000097309/07/201809/07/201809/07/201801105552Rgl/Fact  25195050       C4          8387  00    0             0195050                   0                       0                       0                       0                       0             
LD 2018C51000002250810/07/2018100959RGL5311451000000097309/07/201809/07/201809/07/201801105552Rgl/Facture 25195050     D4          8387CB00    0             0195050                   0                       0                       0                       0                       0             
LD 2018C51000002250810/07/2018100959AGR4111000000000097309/07/201809/07/201809/07/201801105553Rgl/Fact  25195051       C4           875  00    0             0195051                   0                       0                       0                       0                       0             
LD 2018C51000002250810/07/2018100959RGL5311451000000097309/07/201809/07/201809/07/201801105553Rgl/Facture 25195051     D4           875CB00    0             0195051                   0                       0                       0                       0                       0             
LD 2018C51000002250810/07/2018100959AGR4111000000000097309/07/201809/07/201809/07/201801105554Rgl/Fact  25195052       C4          1899  00    0             0195052                   0                       0                       0                       0                       0             
LD 2018C51000002250810/07/2018100959RGL5311451000000097309/07/201809/07/201809/07/201801105554Rgl/Facture 25195052     D4          1899CB00    0             0195052                   0                       0                       0                       0                       0             
LD 2018C51000002250810/07/2018100959AGR4111000000000097309/07/201809/07/201809/07/201801105555Rgl/Fact  25195053       C4          1980  00    0             0195053                   0                       0                       0                       0                       0             
LD 2018C51000002250810/07/2018100959RGL5311451000000097309/07/201809/07/201809/07/201801105555Rgl/Facture 25195053     D4          1980ES00    0             0195053                   0                       0                       0                       0                       0             
LD 2018C51000002250810/07/2018101000AGR4111000000000097309/07/201809/07/201809/07/201801105556Rgl/Fact  25195054       C4          1157  00    0             0195054                   0                       0                       0                       0                       0             
LD 2018C51000002250810/07/2018101000RGL5311451000000097309/07/201809/07/201809/07/201801105556Rgl/Facture 25195054     D4          1157ES00    0             0195054                   0                       0                       0                       0                       0             
LD 2018C51000002250810/07/2018101000AGR4111000000000097309/07/201809/07/201809/07/201801105557Rgl/Fact  25195055       C4          2630  00    0             0195055                   0                       0                       0                       0                       0             
LD 2018C51000002250810/07/2018101000RGL5311451000000097309/07/201809/07/201809/07/201801105557Rgl/Facture 25195055     D4          2630CB00    0             0195055                   0                       0                       0                       0                       0             
LD 2018C51000002250810/07/2018101000AGR4111000000000097309/07/201809/07/201809/07/201801105558Rgl/Fact  25195056       C4           249  00    0             0195056                   0                       0                       0                       0                       0             
LD 2018C51000002250810/07/2018101000RGL5311451000000097309/07/201809/07/201809/07/201801105558Rgl/Facture 25195056     D4           249ES00    0             0195056                   0                       0                       0                       0                       0             
LD 2018C51000002250810/07/2018101000AGR4111000000000097309/07/201809/07/201809/07/201801105559Rgl/Fact  25195057       C4          1599  00    0             0195057                   0                       0                       0                       0                       0             
LD 2018C51000002250810/07/2018101000RGL5311451000000097309/07/201809/07/201809/07/201801105559Rgl/Facture 25195057     D4          1599ES00    0             0195057                   0                       0                       0                       0                       0             
LD 2018C51000002250810/07/2018101000AGR4111000000000097309/07/201809/07/201809/07/201801105560Rgl/Fact  25195058       C4           600  00    0             0195058                   0                       0                       0                       0                       0             
LD 2018C51000002250810/07/2018101000RGL5311451000000097309/07/201809/07/201809/07/201801105560Rgl/Facture 25195058     D4           600ES00    0             0195058                   0                       0                       0                       0                       0             
LD 2018C51000002250810/07/2018101000AGR4111000000000097309/07/201809/07/201809/07/201801105561Rgl/Fact  25195059       C4           867  00    0             0195059                   0                       0                       0                       0                       0             
LD 2018C51000002250810/07/2018101000RGL5311451000000097309/07/201809/07/201809/07/201801105561Rgl/Facture 25195059     D4           867ES00    0             0195059                   0                       0                       0                       0                       0             
LD 2018C51000002250810/07/2018101000AGR4111000000000097309/07/201809/07/201809/07/201801105562Rgl/Fact  25195060       C4          1290  00    0             0195060                   0                       0                       0                       0                       0             
LD 2018C51000002250810/07/2018101000RGL5311451000000097309/07/201809/07/201809/07/201801105562Rgl/Facture 25195060     D4          1290CB00    0             0195060                   0                       0                       0                       0                       0             
LD 2018C51000002250810/07/2018101000AGR4111000000000097309/07/201809/07/201809/07/201801105563Rgl/Fact  25195061       C4          3365  00    0             0195061                   0                       0                       0                       0                       0             
LD 2018C51000002250810/07/2018101000RGL5311451000000097309/07/201809/07/201809/07/201801105563Rgl/Facture 25195061     D4          3365CB00    0             0195061                   0                       0                       0                       0                       0             
LD 2018C51000002250810/07/2018101000AGR4111000000000097309/07/201809/07/201809/07/201801105564Rgl/Fact  25195062       C4          3990  00    0             0195062                   0                       0                       0                       0                       0             
LD 2018C51000002250810/07/2018101000RGL5311451000000097309/07/201809/07/201809/07/201801105564Rgl/Facture 25195062     D4          3990CB00    0             0195062                   0                       0                       0                       0                       0             
LD 2018C51000002250810/07/2018101000AGR4111000000000097309/07/201809/07/201809/07/201801105566Rgl/Fact  25195064       C4          9528  00    0             0195064                   0                       0                       0                       0                       0             
LD 2018C51000002250810/07/2018101000RGL5311451000000097309/07/201809/07/201809/07/201801105566Rgl/Facture 25195064     D4          9528CH00    0             0195064                   0                       0                       0                       0                       0             
LD 2018C51000002250810/07/2018101000AGR4111000000000097309/07/201809/07/201809/07/201801105567Rgl/Fact  25195065       C4          8097  00    0             0195065                   0                       0                       0                       0                       0             
LD 2018C51000002250810/07/2018101000RGL5311451000000097309/07/201809/07/201809/07/201801105567Rgl/Facture 25195065     D4          8097CB00    0             0195065                   0                       0                       0                       0                       0             
LD 2018C51000002250810/07/2018101000AGR4111000000000097309/07/201809/07/201809/07/201801105568Rgl/Fact  25195066       C4         12157  00    0             0195066                   0                       0                       0                       0                       0             
LD 2018C51000002250810/07/2018101000RGL5311451000000097309/07/201809/07/201809/07/201801105568Rgl/Facture 25195066     D4         12157CB00    0             0195066                   0                       0                       0                       0                       0             
LD 2018C51000002250810/07/2018101000AGR4111000000000097309/07/201809/07/201809/07/201801105569Rgl/Fact  25195067       C4          1328  00    0             0195067                   0                       0                       0                       0                       0             
LD 2018C51000002250810/07/2018101000RGL5311451000000097309/07/201809/07/201809/07/201801105569Rgl/Facture 25195067     D4          1328CB00    0             0195067                   0                       0                       0                       0                       0             
LD 2018C51000002250810/07/2018101000AGR4111000000000097309/07/201809/07/201809/07/201801105570Rgl/Fact  25195068       C4          2389  00    0             0195068                   0                       0                       0                       0                       0             
LD 2018C51000002250810/07/2018101000RGL5311451000000097309/07/201809/07/201809/07/201801105570Rgl/Facture 25195068     D4          2389CB00    0             0195068                   0                       0                       0                       0                       0             
LD 2018C51000002250810/07/2018101000AGR4111000000000097309/07/201809/07/201809/07/201801105571Rgl/Fact  25195069       C4           229  00    0             0195069                   0                       0                       0                       0                       0             
LD 2018C51000002250810/07/2018101000RGL5311451000000097309/07/201809/07/201809/07/201801105571Rgl/Facture 25195069     D4           229ES00    0             0195069                   0                       0                       0                       0                       0             
LD 2018C51000002250810/07/2018101000AGR4111000000000097309/07/201809/07/201809/07/201801105572Rgl/Fact  25195070       C4          6896  00    0             0195070                   0                       0                       0                       0                       0             
LD 2018C51000002250810/07/2018101000RGL5311451000000097309/07/201809/07/201809/07/201801105572Rgl/Facture 25195070     D4          6896CB00    0             0195070                   0                       0                       0                       0                       0             
LD 2018C51000002250810/07/2018101000AGR4111000000000097309/07/201809/07/201809/07/201801105573Rgl/Fact  25195071       C4          1099  00    0             0195071                   0                       0                       0                       0                       0             
LD 2018C51000002250810/07/2018101000RGL5311451000000097309/07/201809/07/201809/07/201801105573Rgl/Facture 25195071     D4          1099CB00    0             0195071                   0                       0                       0                       0                       0             
LD 2018C51000002250810/07/2018101000AGR4111000000000097309/07/201809/07/201809/07/201801105574Rgl/Fact  25195072       C4          1149  00    0             0195072                   0                       0                       0                       0                       0             
LD 2018C51000002250810/07/2018101000RGL5311451000000097309/07/201809/07/201809/07/201801105574Rgl/Facture 25195072     D4          1149CB00    0             0195072                   0                       0                       0                       0                       0             
LD 2018C51000002250810/07/2018101000AGR4111000000000097309/07/201809/07/201809/07/201801105575Rgl/Fact  25195073       C4          2369  00    0             0195073                   0                       0                       0                       0                       0             
LD 2018C51000002250810/07/2018101000RGL5311451000000097309/07/201809/07/201809/07/201801105575Rgl/Facture 25195073     D4          2369CB00    0             0195073                   0                       0                       0                       0                       0             
LD 2018C51000002250810/07/2018101000AGR4111000000000097309/07/201809/07/201809/07/201801105576Rgl/Fact  25195074       C4          2528  00    0             0195074                   0                       0                       0                       0                       0             
LD 2018C51000002250810/07/2018101000RGL5311451000000097309/07/201809/07/201809/07/201801105576Rgl/Facture 25195074     D4          2528CB00    0             0195074                   0                       0                       0                       0                       0             
LD 2018C51000002250810/07/2018101000AGR4111000002210006309/07/201809/07/201809/07/201801105565Rgl/Fact  25195063       C4          1559  00    0             0195063                   0                       0                       0                       0                       0             
LD 2018C51000002250810/07/2018101000RGL5311451002210006309/07/201809/07/201809/07/201801105565Rgl/Facture 25195063     D4          1559CB00    0             0195063                   0                       0                       0                       0                       0             
LD 2018C51000002250810/07/2018101000AGR4111000002210104009/07/201809/07/201809/07/201801105494Rgl/Fact  25194992       C4           798  00    0             0194992                   0                       0                       0                       0                       0             
LD 2018C51000002250810/07/2018101000RGL5311451002210104009/07/201809/07/201809/07/201801105494Rgl/Facture 25194992     D4           798ES00    0             0194992                   0                       0                       0                       0                       0             
LD 2018C51000002250810/07/2018101000RGL5820000000000097309/07/201809/07/201809/07/201801105578451/Remise CH  090718    D4         15254CH00    0             0090718                   0                       0                       0                       0                       0             
LD 2018C51000002250810/07/2018101000RGL531145100        09/07/201809/07/201809/07/201801105578451/Remise CH  090718    C4         15254CH00    0             0090718                   0                       0                       0                       0                       0             
LD 2018C51000002250810/07/2018101000RGL5830000000000097309/07/201809/07/201809/07/201801105579451/Remise CB            D4        237496CB00    0             0000000                   0                       0                       0                       0                       0             
LD 2018C51000002250810/07/2018101000RGL531145100        09/07/201809/07/201809/07/201801105579451/Remise CB            C4        237496CB00    0             0000000                   0                       0                       0                       0                       0             
LD 2018C51000002250810/07/2018101000RGL65810000001      09/07/201809/07/201809/07/201801105580451/Ecart de cloture     D4             1ES00    0             0000000451764             0                       0                       0                       0                       0          059
LD 2018C51000002250810/07/2018101000RGL53114510001      09/07/201809/07/201809/07/201801105580451/Ecart de cloture     C4             1ES00    0             0000000451764             0                       0                       0                       0                       0          059
