LD 2018C55000002251210/07/2018101021AGR4111000000000097609/07/201809/07/201809/07/201801550601Rgl/Fact  25544754       C4         22077  00    0             0544754                   0                       0                       0                       0                       0             
LD 2018C55000002251210/07/2018101021RGL5311455000000097609/07/201809/07/201809/07/201801550601Rgl/Facture 25544754     D4         22077CB00    0             0544754                   0                       0                       0                       0                       0             
LD 2018C55000002251210/07/2018101021AGR4111000000000097609/07/201809/07/201809/07/201801550602Rgl/Fact  25544755       C4          6417  00    0             0544755                   0                       0                       0                       0                       0             
LD 2018C55000002251210/07/2018101021RGL5311455000000097609/07/201809/07/201809/07/201801550602Rgl/Facture 25544755     D4          6417CH00    0             0544755                   0                       0                       0                       0                       0             
LD 2018C55000002251210/07/2018101021AGR4111000000000097609/07/201809/07/201809/07/201801550603Rgl/Fact  25544756       C4          1267  00    0             0544756                   0                       0                       0                       0                       0             
LD 2018C55000002251210/07/2018101021RGL5311455000000097609/07/201809/07/201809/07/201801550603Rgl/Facture 25544756     D4          1267ES00    0             0544756                   0                       0                       0                       0                       0             
LD 2018C55000002251210/07/2018101021AGR4111000000000097609/07/201809/07/201809/07/201801550604Rgl/Fact  25544757       C4          1453  00    0             0544757                   0                       0                       0                       0                       0             
LD 2018C55000002251210/07/2018101021RGL5311455000000097609/07/201809/07/201809/07/201801550604Rgl/Facture 25544757     D4          1453ES00    0             0544757                   0                       0                       0                       0                       0             
LD 2018C55000002251210/07/2018101021AGR4111000000000097609/07/201809/07/201809/07/201801550605Rgl/Fact  25544758       C4          1399  00    0             0544758                   0                       0                       0                       0                       0             
LD 2018C55000002251210/07/2018101021RGL5311455000000097609/07/201809/07/201809/07/201801550605Rgl/Facture 25544758     D4          1399ES00    0             0544758                   0                       0                       0                       0                       0             
LD 2018C55000002251210/07/2018101021AGR4111000000000097609/07/201809/07/201809/07/201801550606Rgl/Fact  25544759       C4          4100  00    0             0544759                   0                       0                       0                       0                       0             
LD 2018C55000002251210/07/2018101021RGL5311455000000097609/07/201809/07/201809/07/201801550606Rgl/Facture 25544759     D4          4100ES00    0             0544759                   0                       0                       0                       0                       0             
LD 2018C55000002251210/07/2018101021AGR4111000000000097609/07/201809/07/201809/07/201801550607Rgl/Fact  25544760       C4           900  00    0             0544760                   0                       0                       0                       0                       0             
LD 2018C55000002251210/07/2018101021RGL5311455000000097609/07/201809/07/201809/07/201801550607Rgl/Facture 25544760     D4           900ES00    0             0544760                   0                       0                       0                       0                       0             
LD 2018C55000002251210/07/2018101021AGR4111000000000097609/07/201809/07/201809/07/201801550608Rgl/Fact  25544761       C4          1050  00    0             0544761                   0                       0                       0                       0                       0             
LD 2018C55000002251210/07/2018101021RGL5311455000000097609/07/201809/07/201809/07/201801550608Rgl/Facture 25544761     D4          1050ES00    0             0544761                   0                       0                       0                       0                       0             
LD 2018C55000002251210/07/2018101021AGR4111000000000097609/07/201809/07/201809/07/201801550609Rgl/Fact  25544762       C4          5799  00    0             0544762                   0                       0                       0                       0                       0             
LD 2018C55000002251210/07/2018101021RGL5311455000000097609/07/201809/07/201809/07/201801550609Rgl/Facture 25544762     D4          5799CB00    0             0544762                   0                       0                       0                       0                       0             
LD 2018C55000002251210/07/2018101021AGR4111000000000097609/07/201809/07/201809/07/201801550610Rgl/Fact  25544763       C4          9090  00    0             0544763                   0                       0                       0                       0                       0             
LD 2018C55000002251210/07/2018101021RGL5311455000000097609/07/201809/07/201809/07/201801550610Rgl/Facture 25544763     D4          9090ES00    0             0544763                   0                       0                       0                       0                       0             
LD 2018C55000002251210/07/2018101021AGR4111000000000097609/07/201809/07/201809/07/201801550611Rgl/Fact  25544764       C4          3294  00    0             0544764                   0                       0                       0                       0                       0             
LD 2018C55000002251210/07/2018101021RGL5311455000000097609/07/201809/07/201809/07/201801550611Rgl/Facture 25544764     D4          3294CB00    0             0544764                   0                       0                       0                       0                       0             
LD 2018C55000002251210/07/2018101021AGR4111000000000097609/07/201809/07/201809/07/201801550612Rgl/Fact  25544765       C4            40  00    0             0544765                   0                       0                       0                       0                       0             
LD 2018C55000002251210/07/2018101021RGL5311455000000097609/07/201809/07/201809/07/201801550612Rgl/Facture 25544765     D4            40ES00    0             0544765                   0                       0                       0                       0                       0             
LD 2018C55000002251210/07/2018101021AGR4111000000000097609/07/201809/07/201809/07/201801550613Rgl/Fact  25544766       C4          7048  00    0             0544766                   0                       0                       0                       0                       0             
LD 2018C55000002251210/07/2018101021RGL5311455000000097609/07/201809/07/201809/07/201801550613Rgl/Facture 25544766     D4          7048ES00    0             0544766                   0                       0                       0                       0                       0             
LD 2018C55000002251210/07/2018101021AGR4111000000000097609/07/201809/07/201809/07/201801550614Rgl/Fact  25544767       C4          1207  00    0             0544767                   0                       0                       0                       0                       0             
LD 2018C55000002251210/07/2018101021RGL5311455000000097609/07/201809/07/201809/07/201801550614Rgl/Facture 25544767     D4          1207CB00    0             0544767                   0                       0                       0                       0                       0             
LD 2018C55000002251210/07/2018101021AGR4111000000000097609/07/201809/07/201809/07/201801550615Rgl/Fact  25544768       C4           690  00    0             0544768                   0                       0                       0                       0                       0             
LD 2018C55000002251210/07/2018101021RGL5311455000000097609/07/201809/07/201809/07/201801550615Rgl/Facture 25544768     D4           690ES00    0             0544768                   0                       0                       0                       0                       0             
LD 2018C55000002251210/07/2018101021AGR4111000000000097609/07/201809/07/201809/07/201801550616Rgl/Fact  25544769       C4          4638  00    0             0544769                   0                       0                       0                       0                       0             
LD 2018C55000002251210/07/2018101021RGL5311455000000097609/07/201809/07/201809/07/201801550616Rgl/Facture 25544769     D4          4638ES00    0             0544769                   0                       0                       0                       0                       0             
LD 2018C55000002251210/07/2018101021AGR4111000000000097609/07/201809/07/201809/07/201801550617Rgl/Fact  25544770       C4         10598  00    0             0544770                   0                       0                       0                       0                       0             
LD 2018C55000002251210/07/2018101021RGL5311455000000097609/07/201809/07/201809/07/201801550617Rgl/Facture 25544770     D4         10598CB00    0             0544770                   0                       0                       0                       0                       0             
LD 2018C55000002251210/07/2018101021AGR4111000000000097609/07/201809/07/201809/07/201801550618Rgl/Fact  25544771       C4          2268  00    0             0544771                   0                       0                       0                       0                       0             
LD 2018C55000002251210/07/2018101021RGL5311455000000097609/07/201809/07/201809/07/201801550618Rgl/Facture 25544771     D4          2268ES00    0             0544771                   0                       0                       0                       0                       0             
LD 2018C55000002251210/07/2018101021AGR4111000000000097609/07/201809/07/201809/07/201801550619Rgl/Fact  25544772       C4          1450  00    0             0544772                   0                       0                       0                       0                       0             
LD 2018C55000002251210/07/2018101021RGL5311455000000097609/07/201809/07/201809/07/201801550619Rgl/Facture 25544772     D4          1450CH00    0             0544772                   0                       0                       0                       0                       0             
LD 2018C55000002251210/07/2018101021AGR4111000000000097609/07/201809/07/201809/07/201801550620Rgl/Fact  25544773       C4          2499  00    0             0544773                   0                       0                       0                       0                       0             
LD 2018C55000002251210/07/2018101021RGL5311455000000097609/07/201809/07/201809/07/201801550620Rgl/Facture 25544773     D4          2499ES00    0             0544773                   0                       0                       0                       0                       0             
LD 2018C55000002251210/07/2018101021AGR4111000000000097609/07/201809/07/201809/07/201801550621Rgl/Fact  25544774       C4         10599  00    0             0544774                   0                       0                       0                       0                       0             
LD 2018C55000002251210/07/2018101021RGL5311455000000097609/07/201809/07/201809/07/201801550621Rgl/Facture 25544774     D4         10599CB00    0             0544774                   0                       0                       0                       0                       0             
LD 2018C55000002251210/07/2018101021AGR4111000000000097609/07/201809/07/201809/07/201801550622Rgl/Fact  25544775       C4          1504  00    0             0544775                   0                       0                       0                       0                       0             
LD 2018C55000002251210/07/2018101021RGL5311455000000097609/07/201809/07/201809/07/201801550622Rgl/Facture 25544775     D4          1504CB00    0             0544775                   0                       0                       0                       0                       0             
LD 2018C55000002251210/07/2018101021AGR4111000000000097609/07/201809/07/201809/07/201801550623Rgl/Fact  25544776       C4          2498  00    0             0544776                   0                       0                       0                       0                       0             
LD 2018C55000002251210/07/2018101021RGL5311455000000097609/07/201809/07/201809/07/201801550623Rgl/Facture 25544776     D4          2498CB00    0             0544776                   0                       0                       0                       0                       0             
LD 2018C55000002251210/07/2018101021AGR4111000000000097609/07/201809/07/201809/07/201801550624Rgl/Fact  25544777       C4           599  00    0             0544777                   0                       0                       0                       0                       0             
LD 2018C55000002251210/07/2018101021RGL5311455000000097609/07/201809/07/201809/07/201801550624Rgl/Facture 25544777     D4           599ES00    0             0544777                   0                       0                       0                       0                       0             
LD 2018C55000002251210/07/2018101021AGR4111000000000097609/07/201809/07/201809/07/201801550625Rgl/Fact  25544778       C4          5367  00    0             0544778                   0                       0                       0                       0                       0             
LD 2018C55000002251210/07/2018101021RGL5311455000000097609/07/201809/07/201809/07/201801550625Rgl/Facture 25544778     D4          5367CB00    0             0544778                   0                       0                       0                       0                       0             
LD 2018C55000002251210/07/2018101021AGR4111000000000097609/07/201809/07/201809/07/201801550626Rgl/Fact  25544779       C4          8089  00    0             0544779                   0                       0                       0                       0                       0             
LD 2018C55000002251210/07/2018101021RGL5311455000000097609/07/201809/07/201809/07/201801550626Rgl/Facture 25544779     D4          8089ES00    0             0544779                   0                       0                       0                       0                       0             
LD 2018C55000002251210/07/2018101021AGR4111000000000097609/07/201809/07/201809/07/201801550627Rgl/Fact  25544780       C4           262  00    0             0544780                   0                       0                       0                       0                       0             
LD 2018C55000002251210/07/2018101021RGL5311455000000097609/07/201809/07/201809/07/201801550627Rgl/Facture 25544780     D4           262ES00    0             0544780                   0                       0                       0                       0                       0             
LD 2018C55000002251210/07/2018101021AGR4111000000000097609/07/201809/07/201809/07/201801550628Rgl/Fact  25544781       C4           440  00    0             0544781                   0                       0                       0                       0                       0             
LD 2018C55000002251210/07/2018101021RGL5311455000000097609/07/201809/07/201809/07/201801550628Rgl/Facture 25544781     D4           440ES00    0             0544781                   0                       0                       0                       0                       0             
LD 2018C55000002251210/07/2018101021AGR4111000000000097609/07/201809/07/201809/07/201801550629Rgl/Fact  25544782       C4          3918  00    0             0544782                   0                       0                       0                       0                       0             
LD 2018C55000002251210/07/2018101021RGL5311455000000097609/07/201809/07/201809/07/201801550629Rgl/Facture 25544782     D4          3918ES00    0             0544782                   0                       0                       0                       0                       0             
LD 2018C55000002251210/07/2018101021AGR4111000000000097609/07/201809/07/201809/07/201801550630Rgl/Fact  25544783       C4           960  00    0             0544783                   0                       0                       0                       0                       0             
LD 2018C55000002251210/07/2018101021RGL5311455000000097609/07/201809/07/201809/07/201801550630Rgl/Facture 25544783     D4           960ES00    0             0544783                   0                       0                       0                       0                       0             
LD 2018C55000002251210/07/2018101021AGR4111000000000097609/07/201809/07/201809/07/201801550631Rgl/Fact  25544784       C4          3198  00    0             0544784                   0                       0                       0                       0                       0             
LD 2018C55000002251210/07/2018101021RGL5311455000000097609/07/201809/07/201809/07/201801550631Rgl/Facture 25544784     D4          3198ES00    0             0544784                   0                       0                       0                       0                       0             
LD 2018C55000002251210/07/2018101021AGR4111000000000097609/07/201809/07/201809/07/201801550632Rgl/Fact  25544785       C4           477  00    0             0544785                   0                       0                       0                       0                       0             
LD 2018C55000002251210/07/2018101021RGL5311455000000097609/07/201809/07/201809/07/201801550632Rgl/Facture 25544785     D4           477ES00    0             0544785                   0                       0                       0                       0                       0             
LD 2018C55000002251210/07/2018101021AGR4111000000000097609/07/201809/07/201809/07/201801550633Rgl/Fact  25544786       C4          2344  00    0             0544786                   0                       0                       0                       0                       0             
LD 2018C55000002251210/07/2018101021RGL5311455000000097609/07/201809/07/201809/07/201801550633Rgl/Facture 25544786     D4          2344ES00    0             0544786                   0                       0                       0                       0                       0             
LD 2018C55000002251210/07/2018101021AGR4111000000000097609/07/201809/07/201809/07/201801550634Rgl/Fact  25544787       C4         12837  00    0             0544787                   0                       0                       0                       0                       0             
LD 2018C55000002251210/07/2018101021RGL5311455000000097609/07/201809/07/201809/07/201801550634Rgl/Facture 25544787     D4         12837CB00    0             0544787                   0                       0                       0                       0                       0             
LD 2018C55000002251210/07/2018101021AGR4111000000000097609/07/201809/07/201809/07/201801550635Rgl/Fact  25544788       C4           949  00    0             0544788                   0                       0                       0                       0                       0             
LD 2018C55000002251210/07/2018101021RGL5311455000000097609/07/201809/07/201809/07/201801550635Rgl/Facture 25544788     D4           949ES00    0             0544788                   0                       0                       0                       0                       0             
LD 2018C55000002251210/07/2018101021AGR4111000000000097609/07/201809/07/201809/07/201801550636Rgl/Fact  25544789       C4          7074  00    0             0544789                   0                       0                       0                       0                       0             
LD 2018C55000002251210/07/2018101021RGL5311455000000097609/07/201809/07/201809/07/201801550636Rgl/Facture 25544789     D4          7074CB00    0             0544789                   0                       0                       0                       0                       0             
LD 2018C55000002251210/07/2018101021AGR4111000000000097609/07/201809/07/201809/07/201801550637Rgl/Fact  25544790       C4          9325  00    0             0544790                   0                       0                       0                       0                       0             
LD 2018C55000002251210/07/2018101021RGL5311455000000097609/07/201809/07/201809/07/201801550637Rgl/Facture 25544790     D4          9325ES00    0             0544790                   0                       0                       0                       0                       0             
LD 2018C55000002251210/07/2018101021AGR4111000000000097609/07/201809/07/201809/07/201801550638Rgl/Fact  25544791       C4          3699  00    0             0544791                   0                       0                       0                       0                       0             
LD 2018C55000002251210/07/2018101021RGL5311455000000097609/07/201809/07/201809/07/201801550638Rgl/Facture 25544791     D4          3699CB00    0             0544791                   0                       0                       0                       0                       0             
LD 2018C55000002251210/07/2018101021AGR4111000000000097609/07/201809/07/201809/07/201801550639Rgl/Fact  25544792       C4          3090  00    0             0544792                   0                       0                       0                       0                       0             
LD 2018C55000002251210/07/2018101021RGL5311455000000097609/07/201809/07/201809/07/201801550639Rgl/Facture 25544792     D4          3090ES00    0             0544792                   0                       0                       0                       0                       0             
LD 2018C55000002251210/07/2018101021AGR4111000000000097609/07/201809/07/201809/07/201801550640Rgl/Fact  25544793       C4          2649  00    0             0544793                   0                       0                       0                       0                       0             
LD 2018C55000002251210/07/2018101021RGL5311455000000097609/07/201809/07/201809/07/201801550640Rgl/Facture 25544793     D4          2649CB00    0             0544793                   0                       0                       0                       0                       0             
LD 2018C55000002251210/07/2018101021AGR4111000000000097609/07/201809/07/201809/07/201801550641Rgl/Fact  25544794       C4          8511  00    0             0544794                   0                       0                       0                       0                       0             
LD 2018C55000002251210/07/2018101021RGL5311455000000097609/07/201809/07/201809/07/201801550641Rgl/Facture 25544794     D4          8511CB00    0             0544794                   0                       0                       0                       0                       0             
LD 2018C55000002251210/07/2018101021AGR4111000000000097609/07/201809/07/201809/07/201801550642Rgl/Fact  25544795       C4          1099  00    0             0544795                   0                       0                       0                       0                       0             
LD 2018C55000002251210/07/2018101021RGL5311455000000097609/07/201809/07/201809/07/201801550642Rgl/Facture 25544795     D4          1099ES00    0             0544795                   0                       0                       0                       0                       0             
LD 2018C55000002251210/07/2018101021AGR4111000000000097609/07/201809/07/201809/07/201801550643Rgl/Fact  25544796       C4          6888  00    0             0544796                   0                       0                       0                       0                       0             
LD 2018C55000002251210/07/2018101021RGL5311455000000097609/07/201809/07/201809/07/201801550643Rgl/Facture 25544796     D4          6888CB00    0             0544796                   0                       0                       0                       0                       0             
LD 2018C55000002251210/07/2018101021AGR4111000000000097609/07/201809/07/201809/07/201801550644Rgl/Fact  25544797       C4           999  00    0             0544797                   0                       0                       0                       0                       0             
LD 2018C55000002251210/07/2018101021RGL5311455000000097609/07/201809/07/201809/07/201801550644Rgl/Facture 25544797     D4           999ES00    0             0544797                   0                       0                       0                       0                       0             
LD 2018C55000002251210/07/2018101021AGR4111000000000097609/07/201809/07/201809/07/201801550645Rgl/Fact  25544798       C4          1930  00    0             0544798                   0                       0                       0                       0                       0             
LD 2018C55000002251210/07/2018101021RGL5311455000000097609/07/201809/07/201809/07/201801550645Rgl/Facture 25544798     D4          1930CB00    0             0544798                   0                       0                       0                       0                       0             
LD 2018C55000002251210/07/2018101021AGR4111000000000097609/07/201809/07/201809/07/201801550646Rgl/Fact  25544799       C4           569  00    0             0544799                   0                       0                       0                       0                       0             
LD 2018C55000002251210/07/2018101021RGL5311455000000097609/07/201809/07/201809/07/201801550646Rgl/Facture 25544799     D4           569ES00    0             0544799                   0                       0                       0                       0                       0             
LD 2018C55000002251210/07/2018101021AGR4111000000000097609/07/201809/07/201809/07/201801550647Rgl/Fact  25544800       C4          3419  00    0             0544800                   0                       0                       0                       0                       0             
LD 2018C55000002251210/07/2018101021RGL5311455000000097609/07/201809/07/201809/07/201801550647Rgl/Facture 25544800     D4          3419CB00    0             0544800                   0                       0                       0                       0                       0             
LD 2018C55000002251210/07/2018101022AGR4111000000000097609/07/201809/07/201809/07/201801550648Rgl/Fact  25544801       C4           349  00    0             0544801                   0                       0                       0                       0                       0             
LD 2018C55000002251210/07/2018101022RGL5311455000000097609/07/201809/07/201809/07/201801550648Rgl/Facture 25544801     D4           349ES00    0             0544801                   0                       0                       0                       0                       0             
LD 2018C55000002251210/07/2018101022AGR4111000000166090009/07/201809/07/201809/07/201801550600Rgl/Fact  7952           C4         50531  00    0             0007952                   0                       0                       0                       0                       0             
LD 2018C55000002251210/07/2018101022RGL5311455000166090009/07/201809/07/201809/07/201801550600Rgl/Facture 7952         D4         50531CH00    0             0007952                   0                       0                       0                       0                       0             
LD 2018C55000002251210/07/2018101022RGL5820000000000097609/07/201809/07/201809/07/201801550650455/Remise CH  090718    D4         58398CH00    0             0090718                   0                       0                       0                       0                       0             
LD 2018C55000002251210/07/2018101022RGL531145500        09/07/201809/07/201809/07/201801550650455/Remise CH  090718    C4         58398CH00    0             0090718                   0                       0                       0                       0                       0             
LD 2018C55000002251210/07/2018101022RGL5830000000000097609/07/201809/07/201809/07/201801550651455/Remise CB            D4        109950CB00    0             0000000                   0                       0                       0                       0                       0             
LD 2018C55000002251210/07/2018101022RGL531145500        09/07/201809/07/201809/07/201801550651455/Remise CB            C4        109950CB00    0             0000000                   0                       0                       0                       0                       0             
