LD 2018C56000002251310/07/2018101022AGR4111000000000097709/07/201809/07/201809/07/201801661098Rgl/Fact  25649984       C4          2354  00    0             0649984                   0                       0                       0                       0                       0             
LD 2018C56000002251310/07/2018101022RGL5311456000000097709/07/201809/07/201809/07/201801661098Rgl/Facture 25649984     D4          2354CB00    0             0649984                   0                       0                       0                       0                       0             
LD 2018C56000002251310/07/2018101022AGR4111000000000097709/07/201809/07/201809/07/201801661099Rgl/Fact  25649985       C4           300  00    0             0649985                   0                       0                       0                       0                       0             
LD 2018C56000002251310/07/2018101022RGL5311456000000097709/07/201809/07/201809/07/201801661099Rgl/Facture 25649985     D4           300ES00    0             0649985                   0                       0                       0                       0                       0             
LD 2018C56000002251310/07/2018101022AGR4111000000000097709/07/201809/07/201809/07/201801661100Rgl/Fact  25649986       C4           529  00    0             0649986                   0                       0                       0                       0                       0             
LD 2018C56000002251310/07/2018101022RGL4197000000000097709/07/201809/07/201809/07/201801661100Rgl/Facture 25639852 AVOID4           529AV00    0             0649986                   0                       0                       0                       0                       0             
LD 2018C56000002251310/07/2018101022AGR4111000000000097709/07/201809/07/201809/07/201801661101Rgl/Fact  25649987       C4          3472  00    0             0649987                   0                       0                       0                       0                       0             
LD 2018C56000002251310/07/2018101022RGL5311456000000097709/07/201809/07/201809/07/201801661101Rgl/Facture 25649987     D4          3472CB00    0             0649987                   0                       0                       0                       0                       0             
LD 2018C56000002251310/07/2018101022AGR4111000000000097709/07/201809/07/201809/07/201801661102Rgl/Fact  25649988       C4          3258  00    0             0649988                   0                       0                       0                       0                       0             
LD 2018C56000002251310/07/2018101022RGL5311456000000097709/07/201809/07/201809/07/201801661102Rgl/Facture 25649988     D4          3258CB00    0             0649988                   0                       0                       0                       0                       0             
LD 2018C56000002251310/07/2018101022AGR4111000000000097709/07/201809/07/201809/07/201801661103Rgl/Fact  25649989       C4          2656  00    0             0649989                   0                       0                       0                       0                       0             
LD 2018C56000002251310/07/2018101022RGL5311456000000097709/07/201809/07/201809/07/201801661103Rgl/Facture 25649989     D4          2656ES00    0             0649989                   0                       0                       0                       0                       0             
LD 2018C56000002251310/07/2018101022AGR4111000000000097709/07/201809/07/201809/07/201801661104Rgl/Fact  25649990       C4          8790  00    0             0649990                   0                       0                       0                       0                       0             
LD 2018C56000002251310/07/2018101022RGL5311456000000097709/07/201809/07/201809/07/201801661104Rgl/Facture 25649990     D4          8790CB00    0             0649990                   0                       0                       0                       0                       0             
LD 2018C56000002251310/07/2018101022AGR4111000000000097709/07/201809/07/201809/07/201801661105Rgl/Fact  25649991       C4          1390  00    0             0649991                   0                       0                       0                       0                       0             
LD 2018C56000002251310/07/2018101022RGL5311456000000097709/07/201809/07/201809/07/201801661105Rgl/Facture 25649991     D4          1390CB00    0             0649991                   0                       0                       0                       0                       0             
LD 2018C56000002251310/07/2018101022AGR4111000000000097709/07/201809/07/201809/07/201801661106Rgl/Fact  25649992       C4          1980  00    0             0649992                   0                       0                       0                       0                       0             
LD 2018C56000002251310/07/2018101022RGL5311456000000097709/07/201809/07/201809/07/201801661106Rgl/Facture 25649992     D4          1980CB00    0             0649992                   0                       0                       0                       0                       0             
LD 2018C56000002251310/07/2018101022AGR4111000000000097709/07/201809/07/201809/07/201801661107Rgl/Fact  25649993       C4          1598  00    0             0649993                   0                       0                       0                       0                       0             
LD 2018C56000002251310/07/2018101022RGL5311456000000097709/07/201809/07/201809/07/201801661107Rgl/Facture 25649993     D4          1598CB00    0             0649993                   0                       0                       0                       0                       0             
LD 2018C56000002251310/07/2018101022AGR4111000000000097709/07/201809/07/201809/07/201801661108Rgl/Fact  25649994       C4          9493  00    0             0649994                   0                       0                       0                       0                       0             
LD 2018C56000002251310/07/2018101022RGL5311456000000097709/07/201809/07/201809/07/201801661108Rgl/Facture 25649994     D4          9493CB00    0             0649994                   0                       0                       0                       0                       0             
LD 2018C56000002251310/07/2018101022AGR4111000000000097709/07/201809/07/201809/07/201801661109Rgl/Fact  25649995       C4          2237  00    0             0649995                   0                       0                       0                       0                       0             
LD 2018C56000002251310/07/2018101022RGL5311456000000097709/07/201809/07/201809/07/201801661109Rgl/Facture 25649995     D4          2237CB00    0             0649995                   0                       0                       0                       0                       0             
LD 2018C56000002251310/07/2018101022AGR4111000000000097709/07/201809/07/201809/07/201801661110Rgl/Fact  25649996       C4           913  00    0             0649996                   0                       0                       0                       0                       0             
LD 2018C56000002251310/07/2018101022RGL5311456000000097709/07/201809/07/201809/07/201801661110Rgl/Facture 25649996     D4           913CB00    0             0649996                   0                       0                       0                       0                       0             
LD 2018C56000002251310/07/2018101022AGR4111000000000097709/07/201809/07/201809/07/201801661111Rgl/Fact  25649997       C4          4419  00    0             0649997                   0                       0                       0                       0                       0             
LD 2018C56000002251310/07/2018101022RGL5311456000000097709/07/201809/07/201809/07/201801661111Rgl/Facture 25649997     D4          4419CB00    0             0649997                   0                       0                       0                       0                       0             
LD 2018C56000002251310/07/2018101022AGR4111000000000097709/07/201809/07/201809/07/201801661112Rgl/Fact  25649998       C4          3996  00    0             0649998                   0                       0                       0                       0                       0             
LD 2018C56000002251310/07/2018101022RGL5311456000000097709/07/201809/07/201809/07/201801661112Rgl/Facture 25649998     D4          3996CB00    0             0649998                   0                       0                       0                       0                       0             
LD 2018C56000002251310/07/2018101022AGR4111000000000097709/07/201809/07/201809/07/201801661113Rgl/Fact  25649999       C4          2198  00    0             0649999                   0                       0                       0                       0                       0             
LD 2018C56000002251310/07/2018101022RGL5311456000000097709/07/201809/07/201809/07/201801661113Rgl/Facture 25649999     D4          2198CB00    0             0649999                   0                       0                       0                       0                       0             
LD 2018C56000002251310/07/2018101022AGR4111000000000097709/07/201809/07/201809/07/201801661114Rgl/Fact  25650000       C4          1390  00    0             0650000                   0                       0                       0                       0                       0             
LD 2018C56000002251310/07/2018101022RGL5311456000000097709/07/201809/07/201809/07/201801661114Rgl/Facture 25650000     D4          1390CB00    0             0650000                   0                       0                       0                       0                       0             
LD 2018C56000002251310/07/2018101022AGR4111000000000097709/07/201809/07/201809/07/201801661115Rgl/Fact  25650001       C4          2403  00    0             0650001                   0                       0                       0                       0                       0             
LD 2018C56000002251310/07/2018101022RGL5311456000000097709/07/201809/07/201809/07/201801661115Rgl/Facture 25650001     D4          2403ES00    0             0650001                   0                       0                       0                       0                       0             
LD 2018C56000002251310/07/2018101022AGR4111000000000097709/07/201809/07/201809/07/201801661116Rgl/Fact  25650002       C4          2799  00    0             0650002                   0                       0                       0                       0                       0             
LD 2018C56000002251310/07/2018101022RGL5311456000000097709/07/201809/07/201809/07/201801661116Rgl/Facture 25650002     D4          2799CB00    0             0650002                   0                       0                       0                       0                       0             
LD 2018C56000002251310/07/2018101022AGR4111000000000097709/07/201809/07/201809/07/201801661117Rgl/Fact  25650003       C4          4643  00    0             0650003                   0                       0                       0                       0                       0             
LD 2018C56000002251310/07/2018101022RGL5311456000000097709/07/201809/07/201809/07/201801661117Rgl/Facture 25650003     D4          4643CB00    0             0650003                   0                       0                       0                       0                       0             
LD 2018C56000002251310/07/2018101022AGR4111000000000097709/07/201809/07/201809/07/201801661118Rgl/Fact  25650004       C4          2678  00    0             0650004                   0                       0                       0                       0                       0             
LD 2018C56000002251310/07/2018101022RGL5311456000000097709/07/201809/07/201809/07/201801661118Rgl/Facture 25650004     D4          2678CB00    0             0650004                   0                       0                       0                       0                       0             
LD 2018C56000002251310/07/2018101022AGR4111000000000097709/07/201809/07/201809/07/201801661119Rgl/Fact  25650005       C4           995  00    0             0650005                   0                       0                       0                       0                       0             
LD 2018C56000002251310/07/2018101022RGL5311456000000097709/07/201809/07/201809/07/201801661119Rgl/Facture 25650005     D4           995CB00    0             0650005                   0                       0                       0                       0                       0             
LD 2018C56000002251310/07/2018101022AGR4111000000000097709/07/201809/07/201809/07/201801661120Rgl/Fact  25650006       C4          1319  00    0             0650006                   0                       0                       0                       0                       0             
LD 2018C56000002251310/07/2018101022RGL5311456000000097709/07/201809/07/201809/07/201801661120Rgl/Facture 25650006     D4          1319ES00    0             0650006                   0                       0                       0                       0                       0             
LD 2018C56000002251310/07/2018101022AGR4111000000000097709/07/201809/07/201809/07/201801661121Rgl/Fact  25650007       C4          5448  00    0             0650007                   0                       0                       0                       0                       0             
LD 2018C56000002251310/07/2018101022RGL5311456000000097709/07/201809/07/201809/07/201801661121Rgl/Facture 25650007     D4          5448CB00    0             0650007                   0                       0                       0                       0                       0             
LD 2018C56000002251310/07/2018101022AGR4111000000000097709/07/201809/07/201809/07/201801661122Rgl/Fact  25650008       C4          4048  00    0             0650008                   0                       0                       0                       0                       0             
LD 2018C56000002251310/07/2018101022RGL5311456000000097709/07/201809/07/201809/07/201801661122Rgl/Facture 25650008     D4          4048CB00    0             0650008                   0                       0                       0                       0                       0             
LD 2018C56000002251310/07/2018101022AGR4111000000000097709/07/201809/07/201809/07/201801661123Rgl/Fact  25650009       C4          4913  00    0             0650009                   0                       0                       0                       0                       0             
LD 2018C56000002251310/07/2018101022RGL5311456000000097709/07/201809/07/201809/07/201801661123Rgl/Facture 25650009     D4          4913CB00    0             0650009                   0                       0                       0                       0                       0             
LD 2018C56000002251310/07/2018101022AGR4111000000000097709/07/201809/07/201809/07/201801661124Rgl/Fact  25650010       C4          2598  00    0             0650010                   0                       0                       0                       0                       0             
LD 2018C56000002251310/07/2018101022RGL5311456000000097709/07/201809/07/201809/07/201801661124Rgl/Facture 25650010     D4          2598ES00    0             0650010                   0                       0                       0                       0                       0             
LD 2018C56000002251310/07/2018101022AGR4111000000000097709/07/201809/07/201809/07/201801661125Rgl/Fact  25650011       C4          4422  00    0             0650011                   0                       0                       0                       0                       0             
LD 2018C56000002251310/07/2018101022RGL5311456000000097709/07/201809/07/201809/07/201801661125Rgl/Facture 25650011     D4          4422CB00    0             0650011                   0                       0                       0                       0                       0             
LD 2018C56000002251310/07/2018101022AGR4111000000000097709/07/201809/07/201809/07/201801661126Rgl/Fact  25650012       C4          1299  00    0             0650012                   0                       0                       0                       0                       0             
LD 2018C56000002251310/07/2018101022RGL5311456000000097709/07/201809/07/201809/07/201801661126Rgl/Facture 25650012     D4          1299CB00    0             0650012                   0                       0                       0                       0                       0             
LD 2018C56000002251310/07/2018101022AGR4111000000000097709/07/201809/07/201809/07/201801661127Rgl/Fact  25650013       C4          1549  00    0             0650013                   0                       0                       0                       0                       0             
LD 2018C56000002251310/07/2018101022RGL5311456000000097709/07/201809/07/201809/07/201801661127Rgl/Facture 25650013     D4          1549ES00    0             0650013                   0                       0                       0                       0                       0             
LD 2018C56000002251310/07/2018101022AGR4111000000000097709/07/201809/07/201809/07/201801661128Rgl/Fact  25650014       C4          2535  00    0             0650014                   0                       0                       0                       0                       0             
LD 2018C56000002251310/07/2018101022RGL5311456000000097709/07/201809/07/201809/07/201801661128Rgl/Facture 25650014     D4          2535ES00    0             0650014                   0                       0                       0                       0                       0             
LD 2018C56000002251310/07/2018101022AGR4111000000000097709/07/201809/07/201809/07/201801661129Rgl/Fact  25650015       C4           999  00    0             0650015                   0                       0                       0                       0                       0             
LD 2018C56000002251310/07/2018101022RGL5311456000000097709/07/201809/07/201809/07/201801661129Rgl/Facture 25650015     D4           999CB00    0             0650015                   0                       0                       0                       0                       0             
LD 2018C56000002251310/07/2018101022AGR4111000000000097709/07/201809/07/201809/07/201801661130Rgl/Fact  25650016       C4          1796  00    0             0650016                   0                       0                       0                       0                       0             
LD 2018C56000002251310/07/2018101022RGL5311456000000097709/07/201809/07/201809/07/201801661130Rgl/Facture 25650016     D4          1796CB00    0             0650016                   0                       0                       0                       0                       0             
LD 2018C56000002251310/07/2018101022AGR4111000000000097709/07/201809/07/201809/07/201801661131Rgl/Fact  25650017       C4          2968  00    0             0650017                   0                       0                       0                       0                       0             
LD 2018C56000002251310/07/2018101022RGL5311456000000097709/07/201809/07/201809/07/201801661131Rgl/Facture 25650017     D4          2968CB00    0             0650017                   0                       0                       0                       0                       0             
LD 2018C56000002251310/07/2018101022AGR4111000000000097709/07/201809/07/201809/07/201801661132Rgl/Fact  25650018       C4          2578  00    0             0650018                   0                       0                       0                       0                       0             
LD 2018C56000002251310/07/2018101022RGL5311456000000097709/07/201809/07/201809/07/201801661132Rgl/Facture 25650018     D4          2578CB00    0             0650018                   0                       0                       0                       0                       0             
LD 2018C56000002251310/07/2018101022AGR4111000000000097709/07/201809/07/201809/07/201801661133Rgl/Fact  25650019       C4           949  00    0             0650019                   0                       0                       0                       0                       0             
LD 2018C56000002251310/07/2018101022RGL5311456000000097709/07/201809/07/201809/07/201801661133Rgl/Facture 25650019     D4           949ES00    0             0650019                   0                       0                       0                       0                       0             
LD 2018C56000002251310/07/2018101023AGR4111000000000097709/07/201809/07/201809/07/201801661134Rgl/Fact  25650020       C4          5886  00    0             0650020                   0                       0                       0                       0                       0             
LD 2018C56000002251310/07/2018101023RGL5311456000000097709/07/201809/07/201809/07/201801661134Rgl/Facture 25650020     D4          5886CB00    0             0650020                   0                       0                       0                       0                       0             
LD 2018C56000002251310/07/2018101023AGR4111000000000097709/07/201809/07/201809/07/201801661135Rgl/Fact  25650021       C4           629  00    0             0650021                   0                       0                       0                       0                       0             
LD 2018C56000002251310/07/2018101023RGL5311456000000097709/07/201809/07/201809/07/201801661135Rgl/Facture 25650021     D4           629CB00    0             0650021                   0                       0                       0                       0                       0             
LD 2018C56000002251310/07/2018101023AGR4111000000000097709/07/201809/07/201809/07/201801661137Rgl/Fact  25650022       C4           799  00    0             0650022                   0                       0                       0                       0                       0             
LD 2018C56000002251310/07/2018101023RGL5311456000000097709/07/201809/07/201809/07/201801661137Rgl/Facture 25650022     D4           799ES00    0             0650022                   0                       0                       0                       0                       0             
LD 2018C56000002251310/07/2018101023AGR4111000000000097709/07/201809/07/201809/07/201801661140Rgl/Avoir  25650023      D4           399  00    0             0650023                   0                       0                       0                       0                       0             
LD 2018C56000002251310/07/2018101023RGL4197000000000097709/07/201809/07/201809/07/201801661140Rgl/Facture 25650023 AVOIC4           399BA00    0             0650023                   0                       0                       0                       0                       0             
LD 2018C56000002251310/07/2018101023AGR4111000000000097709/07/201809/07/201809/07/201801661141Rgl/Fact  25650024       C4           598  00    0             0650024                   0                       0                       0                       0                       0             
LD 2018C56000002251310/07/2018101023RGL4197000000000097709/07/201809/07/201809/07/201801661141Rgl/Facture 25650023 AVOID4           399AV00    0             0650024                   0                       0                       0                       0                       0             
LD 2018C56000002251310/07/2018101023RGL5311456000000097709/07/201809/07/201809/07/201801661141Rgl/Facture 25650024     D4           199ES00    0             0650024                   0                       0                       0                       0                       0             
LD 2018C56000002251310/07/2018101023AGR4111000000000097709/07/201809/07/201809/07/201801661142Rgl/Fact  25650025       C4          3089  00    0             0650025                   0                       0                       0                       0                       0             
LD 2018C56000002251310/07/2018101023RGL5311456000000097709/07/201809/07/201809/07/201801661142Rgl/Facture 25650025     D4          3089ES00    0             0650025                   0                       0                       0                       0                       0             
LD 2018C56000002251310/07/2018101023AGR4111000000000097709/07/201809/07/201809/07/201801661143Rgl/Avoir  25650026      D4          1299  00    0             0650026                   0                       0                       0                       0                       0             
LD 2018C56000002251310/07/2018101023RGL4197000000000097709/07/201809/07/201809/07/201801661143Rgl/Facture 25650026 AVOIC4          1299BA00    0             0650026                   0                       0                       0                       0                       0             
LD 2018C56000002251310/07/2018101023AGR4111000000000097709/07/201809/07/201809/07/201801661144Rgl/Fact  25650027       C4          3449  00    0             0650027                   0                       0                       0                       0                       0             
LD 2018C56000002251310/07/2018101023RGL4197000000000097709/07/201809/07/201809/07/201801661144Rgl/Facture 25650026 AVOID4          1299AV00    0             0650027                   0                       0                       0                       0                       0             
LD 2018C56000002251310/07/2018101023RGL5311456000000097709/07/201809/07/201809/07/201801661144Rgl/Facture 25650027     D4          2150CB00    0             0650027                   0                       0                       0                       0                       0             
LD 2018C56000002251310/07/2018101023AGR4111000000000097709/07/201809/07/201809/07/201801661145Rgl/Fact  25650028       C4          1997  00    0             0650028                   0                       0                       0                       0                       0             
LD 2018C56000002251310/07/2018101023RGL5311456000000097709/07/201809/07/201809/07/201801661145Rgl/Facture 25650028     D4          1997CB00    0             0650028                   0                       0                       0                       0                       0             
LD 2018C56000002251310/07/2018101023AGR4111000000000097709/07/201809/07/201809/07/201801661146Rgl/Fact  25650029       C4          1540  00    0             0650029                   0                       0                       0                       0                       0             
LD 2018C56000002251310/07/2018101023RGL5311456000000097709/07/201809/07/201809/07/201801661146Rgl/Facture 25650029     D4          1540ES00    0             0650029                   0                       0                       0                       0                       0             
LD 2018C56000002251310/07/2018101023AGR4111000000000097709/07/201809/07/201809/07/201801661147Rgl/Fact  25650030       C4          2948  00    0             0650030                   0                       0                       0                       0                       0             
LD 2018C56000002251310/07/2018101023RGL5311456000000097709/07/201809/07/201809/07/201801661147Rgl/Facture 25650030     D4          2948CB00    0             0650030                   0                       0                       0                       0                       0             
LD 2018C56000002251310/07/2018101023AGR4111000000000097709/07/201809/07/201809/07/201801661148Rgl/Fact  25650031       C4          1263  00    0             0650031                   0                       0                       0                       0                       0             
LD 2018C56000002251310/07/2018101023RGL5311456000000097709/07/201809/07/201809/07/201801661148Rgl/Facture 25650031     D4          1263CB00    0             0650031                   0                       0                       0                       0                       0             
LD 2018C56000002251310/07/2018101023AGR4111000000000097709/07/201809/07/201809/07/201801661149Rgl/Fact  25650032       C4          2845  00    0             0650032                   0                       0                       0                       0                       0             
LD 2018C56000002251310/07/2018101023RGL5311456000000097709/07/201809/07/201809/07/201801661149Rgl/Facture 25650032     D4          2845CB00    0             0650032                   0                       0                       0                       0                       0             
LD 2018C56000002251310/07/2018101023AGR4111000000000097709/07/201809/07/201809/07/201801661150Rgl/Fact  25650033       C4          2099  00    0             0650033                   0                       0                       0                       0                       0             
LD 2018C56000002251310/07/2018101023RGL5311456000000097709/07/201809/07/201809/07/201801661150Rgl/Facture 25650033     D4          2099CB00    0             0650033                   0                       0                       0                       0                       0             
LD 2018C56000002251310/07/2018101023AGR4111000000000097709/07/201809/07/201809/07/201801661151Rgl/Fact  25650034       C4          1527  00    0             0650034                   0                       0                       0                       0                       0             
LD 2018C56000002251310/07/2018101023RGL5311456000000097709/07/201809/07/201809/07/201801661151Rgl/Facture 25650034     D4          1527CB00    0             0650034                   0                       0                       0                       0                       0             
LD 2018C56000002251310/07/2018101023AGR4111000000000097709/07/201809/07/201809/07/201801661152Rgl/Fact  25650035       C4          1098  00    0             0650035                   0                       0                       0                       0                       0             
LD 2018C56000002251310/07/2018101023RGL5311456000000097709/07/201809/07/201809/07/201801661152Rgl/Facture 25650035     D4          1098ES00    0             0650035                   0                       0                       0                       0                       0             
LD 2018C56000002251310/07/2018101023AGR4111000000000097709/07/201809/07/201809/07/201801661153Rgl/Fact  25650036       C4          1857  00    0             0650036                   0                       0                       0                       0                       0             
LD 2018C56000002251310/07/2018101023RGL5311456000000097709/07/201809/07/201809/07/201801661153Rgl/Facture 25650036     D4          1857ES00    0             0650036                   0                       0                       0                       0                       0             
LD 2018C56000002251310/07/2018101023AGR4111000000000097709/07/201809/07/201809/07/201801661154Rgl/Fact  25650037       C4          4316  00    0             0650037                   0                       0                       0                       0                       0             
LD 2018C56000002251310/07/2018101023RGL5311456000000097709/07/201809/07/201809/07/201801661154Rgl/Facture 25650037     D4          4316ES00    0             0650037                   0                       0                       0                       0                       0             
LD 2018C56000002251310/07/2018101023AGR4111000000000097709/07/201809/07/201809/07/201801661155Rgl/Fact  25650038       C4          3168  00    0             0650038                   0                       0                       0                       0                       0             
LD 2018C56000002251310/07/2018101023RGL5311456000000097709/07/201809/07/201809/07/201801661155Rgl/Facture 25650038     D4          3168CB00    0             0650038                   0                       0                       0                       0                       0             
LD 2018C56000002251310/07/2018101023AGR4111000000000097709/07/201809/07/201809/07/201801661156Rgl/Fact  25650039       C4          1598  00    0             0650039                   0                       0                       0                       0                       0             
LD 2018C56000002251310/07/2018101023RGL5311456000000097709/07/201809/07/201809/07/201801661156Rgl/Facture 25650039     D4          1598CB00    0             0650039                   0                       0                       0                       0                       0             
LD 2018C56000002251310/07/2018101023AGR4111000000000097709/07/201809/07/201809/07/201801661157Rgl/Fact  25650040       C4           378  00    0             0650040                   0                       0                       0                       0                       0             
LD 2018C56000002251310/07/2018101023RGL5311456000000097709/07/201809/07/201809/07/201801661157Rgl/Facture 25650040     D4           378CB00    0             0650040                   0                       0                       0                       0                       0             
LD 2018C56000002251310/07/2018101023AGR4111000000000097709/07/201809/07/201809/07/201801661158Rgl/Fact  25650041       C4          1893  00    0             0650041                   0                       0                       0                       0                       0             
LD 2018C56000002251310/07/2018101023RGL5311456000000097709/07/201809/07/201809/07/201801661158Rgl/Facture 25650041     D4          1893CB00    0             0650041                   0                       0                       0                       0                       0             
LD 2018C56000002251310/07/2018101023AGR4111000000000097709/07/201809/07/201809/07/201801661159Rgl/Fact  25650042       C4          1428  00    0             0650042                   0                       0                       0                       0                       0             
LD 2018C56000002251310/07/2018101023RGL5311456000000097709/07/201809/07/201809/07/201801661159Rgl/Facture 25650042     D4          1428CB00    0             0650042                   0                       0                       0                       0                       0             
LD 2018C56000002251310/07/2018101023AGR4111000000000097709/07/201809/07/201809/07/201801661160Rgl/Fact  25650043       C4          1827  00    0             0650043                   0                       0                       0                       0                       0             
LD 2018C56000002251310/07/2018101023RGL5311456000000097709/07/201809/07/201809/07/201801661160Rgl/Facture 25650043     D4          1827CB00    0             0650043                   0                       0                       0                       0                       0             
LD 2018C56000002251310/07/2018101023AGR4111000000000097709/07/201809/07/201809/07/201801661161Rgl/Fact  25650044       C4          2268  00    0             0650044                   0                       0                       0                       0                       0             
LD 2018C56000002251310/07/2018101023RGL5311456000000097709/07/201809/07/201809/07/201801661161Rgl/Facture 25650044     D4          2268CB00    0             0650044                   0                       0                       0                       0                       0             
LD 2018C56000002251310/07/2018101023AGR4111000000000097709/07/201809/07/201809/07/201801661162Rgl/Fact  25650045       C4          2207  00    0             0650045                   0                       0                       0                       0                       0             
LD 2018C56000002251310/07/2018101023RGL5311456000000097709/07/201809/07/201809/07/201801661162Rgl/Facture 25650045     D4          2207ES00    0             0650045                   0                       0                       0                       0                       0             
LD 2018C56000002251310/07/2018101023AGR4111000000000097709/07/201809/07/201809/07/201801661163Rgl/Fact  25650046       C4          5571  00    0             0650046                   0                       0                       0                       0                       0             
LD 2018C56000002251310/07/2018101023RGL5311456000000097709/07/201809/07/201809/07/201801661163Rgl/Facture 25650046     D4          5571CB00    0             0650046                   0                       0                       0                       0                       0             
LD 2018C56000002251310/07/2018101023AGR4111000000000097709/07/201809/07/201809/07/201801661164Rgl/Fact  25650047       C4          2989  00    0             0650047                   0                       0                       0                       0                       0             
LD 2018C56000002251310/07/2018101023RGL5311456000000097709/07/201809/07/201809/07/201801661164Rgl/Facture 25650047     D4          2989CB00    0             0650047                   0                       0                       0                       0                       0             
LD 2018C56000002251310/07/2018101023AGR4111000000000097709/07/201809/07/201809/07/201801661165Rgl/Fact  25650048       C4          8074  00    0             0650048                   0                       0                       0                       0                       0             
LD 2018C56000002251310/07/2018101023RGL5311456000000097709/07/201809/07/201809/07/201801661165Rgl/Facture 25650048     D4          8074CB00    0             0650048                   0                       0                       0                       0                       0             
LD 2018C56000002251310/07/2018101023AGR4111000000000097709/07/201809/07/201809/07/201801661166Rgl/Fact  25650049       C4          1290  00    0             0650049                   0                       0                       0                       0                       0             
LD 2018C56000002251310/07/2018101023RGL5311456000000097709/07/201809/07/201809/07/201801661166Rgl/Facture 25650049     D4          1290CB00    0             0650049                   0                       0                       0                       0                       0             
LD 2018C56000002251310/07/2018101023AGR4111000000000097709/07/201809/07/201809/07/201801661167Rgl/Fact  25650050       C4          1724  00    0             0650050                   0                       0                       0                       0                       0             
LD 2018C56000002251310/07/2018101023RGL5311456000000097709/07/201809/07/201809/07/201801661167Rgl/Facture 25650050     D4          1724CB00    0             0650050                   0                       0                       0                       0                       0             
LD 2018C56000002251310/07/2018101023AGR4111000000000097709/07/201809/07/201809/07/201801661168Rgl/Fact  25650051       C4          1679  00    0             0650051                   0                       0                       0                       0                       0             
LD 2018C56000002251310/07/2018101023RGL5311456000000097709/07/201809/07/201809/07/201801661168Rgl/Facture 25650051     D4          1679ES00    0             0650051                   0                       0                       0                       0                       0             
LD 2018C56000002251310/07/2018101023AGR4111000000000097709/07/201809/07/201809/07/201801661169Rgl/Fact  25650052       C4          4556  00    0             0650052                   0                       0                       0                       0                       0             
LD 2018C56000002251310/07/2018101023RGL5311456000000097709/07/201809/07/201809/07/201801661169Rgl/Facture 25650052     D4          4556CB00    0             0650052                   0                       0                       0                       0                       0             
LD 2018C56000002251310/07/2018101023AGR4111000000000097709/07/201809/07/201809/07/201801661170Rgl/Fact  25650053       C4          4138  00    0             0650053                   0                       0                       0                       0                       0             
LD 2018C56000002251310/07/2018101023RGL5311456000000097709/07/201809/07/201809/07/201801661170Rgl/Facture 25650053     D4          4138CB00    0             0650053                   0                       0                       0                       0                       0             
LD 2018C56000002251310/07/2018101023AGR4111000000000097709/07/201809/07/201809/07/201801661171Rgl/Fact  25650054       C4          2490  00    0             0650054                   0                       0                       0                       0                       0             
LD 2018C56000002251310/07/2018101023RGL5311456000000097709/07/201809/07/201809/07/201801661171Rgl/Facture 25650054     D4          2490CB00    0             0650054                   0                       0                       0                       0                       0             
LD 2018C56000002251310/07/2018101023AGR4111000000000097709/07/201809/07/201809/07/201801661172Rgl/Fact  25650055       C4           648  00    0             0650055                   0                       0                       0                       0                       0             
LD 2018C56000002251310/07/2018101023RGL5311456000000097709/07/201809/07/201809/07/201801661172Rgl/Facture 25650055     D4           648ES00    0             0650055                   0                       0                       0                       0                       0             
LD 2018C56000002251310/07/2018101023AGR4111000000000097709/07/201809/07/201809/07/201801661173Rgl/Fact  25650056       C4          4616  00    0             0650056                   0                       0                       0                       0                       0             
LD 2018C56000002251310/07/2018101023RGL5311456000000097709/07/201809/07/201809/07/201801661173Rgl/Facture 25650056     D4          4616CB00    0             0650056                   0                       0                       0                       0                       0             
LD 2018C56000002251310/07/2018101023AGR4111000000000097709/07/201809/07/201809/07/201801661174Rgl/Fact  25650057       C4          5665  00    0             0650057                   0                       0                       0                       0                       0             
LD 2018C56000002251310/07/2018101023RGL5311456000000097709/07/201809/07/201809/07/201801661174Rgl/Facture 25650057     D4          5665CB00    0             0650057                   0                       0                       0                       0                       0             
LD 2018C56000002251310/07/2018101024AGR4111000000000097709/07/201809/07/201809/07/201801661175Rgl/Fact  25650058       C4         10752  00    0             0650058                   0                       0                       0                       0                       0             
LD 2018C56000002251310/07/2018101024RGL5311456000000097709/07/201809/07/201809/07/201801661175Rgl/Facture 25650058     D4         10752CB00    0             0650058                   0                       0                       0                       0                       0             
LD 2018C56000002251310/07/2018101024AGR4111000000000097709/07/201809/07/201809/07/201801661176Rgl/Fact  25650059       C4           249  00    0             0650059                   0                       0                       0                       0                       0             
LD 2018C56000002251310/07/2018101024RGL5311456000000097709/07/201809/07/201809/07/201801661176Rgl/Facture 25650059     D4           249ES00    0             0650059                   0                       0                       0                       0                       0             
LD 2018C56000002251310/07/2018101024AGR4111000000000097709/07/201809/07/201809/07/201801661177Rgl/Fact  25650060       C4          1390  00    0             0650060                   0                       0                       0                       0                       0             
LD 2018C56000002251310/07/2018101024RGL5311456000000097709/07/201809/07/201809/07/201801661177Rgl/Facture 25650060     D4          1390ES00    0             0650060                   0                       0                       0                       0                       0             
LD 2018C56000002251310/07/2018101024AGR4111000000000097709/07/201809/07/201809/07/201801661178Rgl/Fact  25650061       C4          2344  00    0             0650061                   0                       0                       0                       0                       0             
LD 2018C56000002251310/07/2018101024RGL5311456000000097709/07/201809/07/201809/07/201801661178Rgl/Facture 25650061     D4          2344CB00    0             0650061                   0                       0                       0                       0                       0             
LD 2018C56000002251310/07/2018101024AGR4111000000000097709/07/201809/07/201809/07/201801661179Rgl/Fact  25650062       C4           380  00    0             0650062                   0                       0                       0                       0                       0             
LD 2018C56000002251310/07/2018101024RGL5311456000000097709/07/201809/07/201809/07/201801661179Rgl/Facture 25650062     D4           380CB00    0             0650062                   0                       0                       0                       0                       0             
LD 2018C56000002251310/07/2018101024AGR4111000000000097709/07/201809/07/201809/07/201801661180Rgl/Fact  25650063       C4          2499  00    0             0650063                   0                       0                       0                       0                       0             
LD 2018C56000002251310/07/2018101024RGL5311456000000097709/07/201809/07/201809/07/201801661180Rgl/Facture 25650063     D4          2499CB00    0             0650063                   0                       0                       0                       0                       0             
LD 2018C56000002251310/07/2018101024AGR4111000000000097709/07/201809/07/201809/07/201801661181Rgl/Fact  25650064       C4          1792  00    0             0650064                   0                       0                       0                       0                       0             
LD 2018C56000002251310/07/2018101024RGL5311456000000097709/07/201809/07/201809/07/201801661181Rgl/Facture 25650064     D4          1792CB00    0             0650064                   0                       0                       0                       0                       0             
LD 2018C56000002251310/07/2018101024AGR4111000000000097709/07/201809/07/201809/07/201801661182Rgl/Fact  25650065       C4          1448  00    0             0650065                   0                       0                       0                       0                       0             
LD 2018C56000002251310/07/2018101024RGL5311456000000097709/07/201809/07/201809/07/201801661182Rgl/Facture 25650065     D4          1448ES00    0             0650065                   0                       0                       0                       0                       0             
LD 2018C56000002251310/07/2018101024AGR4111000000000097709/07/201809/07/201809/07/201801661183Rgl/Fact  25650066       C4          4438  00    0             0650066                   0                       0                       0                       0                       0             
LD 2018C56000002251310/07/2018101024RGL5311456000000097709/07/201809/07/201809/07/201801661183Rgl/Facture 25650066     D4          4438CB00    0             0650066                   0                       0                       0                       0                       0             
LD 2018C56000002251310/07/2018101024AGR4111000000000097709/07/201809/07/201809/07/201801661184Rgl/Fact  25650067       C4          4779  00    0             0650067                   0                       0                       0                       0                       0             
LD 2018C56000002251310/07/2018101024RGL5311456000000097709/07/201809/07/201809/07/201801661184Rgl/Facture 25650067     D4          4779ES00    0             0650067                   0                       0                       0                       0                       0             
LD 2018C56000002251310/07/2018101024AGR4111000000000097709/07/201809/07/201809/07/201801661185Rgl/Fact  25650068       C4          2398  00    0             0650068                   0                       0                       0                       0                       0             
LD 2018C56000002251310/07/2018101024RGL5311456000000097709/07/201809/07/201809/07/201801661185Rgl/Facture 25650068     D4          2398CB00    0             0650068                   0                       0                       0                       0                       0             
LD 2018C56000002251310/07/2018101024AGR4111000000000097709/07/201809/07/201809/07/201801661186Rgl/Fact  25650069       C4          5438  00    0             0650069                   0                       0                       0                       0                       0             
LD 2018C56000002251310/07/2018101024RGL5311456000000097709/07/201809/07/201809/07/201801661186Rgl/Facture 25650069     D4          5438ES00    0             0650069                   0                       0                       0                       0                       0             
LD 2018C56000002251310/07/2018101024AGR4111000000000097709/07/201809/07/201809/07/201801661187Rgl/Fact  25650070       C4          3087  00    0             0650070                   0                       0                       0                       0                       0             
LD 2018C56000002251310/07/2018101024RGL5311456000000097709/07/201809/07/201809/07/201801661187Rgl/Facture 25650070     D4          3087CB00    0             0650070                   0                       0                       0                       0                       0             
LD 2018C56000002251310/07/2018101024AGR4111000000000097709/07/201809/07/201809/07/201801661188Rgl/Fact  25650071       C4          1899  00    0             0650071                   0                       0                       0                       0                       0             
LD 2018C56000002251310/07/2018101024RGL5311456000000097709/07/201809/07/201809/07/201801661188Rgl/Facture 25650071     D4          1899CB00    0             0650071                   0                       0                       0                       0                       0             
LD 2018C56000002251310/07/2018101024AGR4111000000000097709/07/201809/07/201809/07/201801661189Rgl/Fact  25650072       C4         10067  00    0             0650072                   0                       0                       0                       0                       0             
LD 2018C56000002251310/07/2018101024RGL5311456000000097709/07/201809/07/201809/07/201801661189Rgl/Facture 25650072     D4         10067CB00    0             0650072                   0                       0                       0                       0                       0             
LD 2018C56000002251310/07/2018101024AGR4111000000000097709/07/201809/07/201809/07/201801661190Rgl/Fact  25650073       C4          2938  00    0             0650073                   0                       0                       0                       0                       0             
LD 2018C56000002251310/07/2018101024RGL5311456000000097709/07/201809/07/201809/07/201801661190Rgl/Facture 25650073     D4          2938CB00    0             0650073                   0                       0                       0                       0                       0             
LD 2018C56000002251310/07/2018101024AGR4111000000000097709/07/201809/07/201809/07/201801661191Rgl/Fact  25650074       C4          1800  00    0             0650074                   0                       0                       0                       0                       0             
LD 2018C56000002251310/07/2018101024RGL5311456000000097709/07/201809/07/201809/07/201801661191Rgl/Facture 25650074     D4          1800CB00    0             0650074                   0                       0                       0                       0                       0             
LD 2018C56000002251310/07/2018101024AGR4111000000000097709/07/201809/07/201809/07/201801661192Rgl/Fact  25650075       C4          8858  00    0             0650075                   0                       0                       0                       0                       0             
LD 2018C56000002251310/07/2018101024RGL5311456000000097709/07/201809/07/201809/07/201801661192Rgl/Facture 25650075     D4          8858ES00    0             0650075                   0                       0                       0                       0                       0             
LD 2018C56000002251310/07/2018101024AGR4111000000000097709/07/201809/07/201809/07/201801661193Rgl/Fact  25650076       C4          6503  00    0             0650076                   0                       0                       0                       0                       0             
LD 2018C56000002251310/07/2018101024RGL5311456000000097709/07/201809/07/201809/07/201801661193Rgl/Facture 25650076     D4          6503CH00    0             0650076                   0                       0                       0                       0                       0             
LD 2018C56000002251310/07/2018101024AGR4111000000000097709/07/201809/07/201809/07/201801661194Rgl/Fact  25650077       C4           648  00    0             0650077                   0                       0                       0                       0                       0             
LD 2018C56000002251310/07/2018101024RGL5311456000000097709/07/201809/07/201809/07/201801661194Rgl/Facture 25650077     D4           648ES00    0             0650077                   0                       0                       0                       0                       0             
LD 2018C56000002251310/07/2018101024AGR4111000000000097709/07/201809/07/201809/07/201801661195Rgl/Fact  25650078       C4          9291  00    0             0650078                   0                       0                       0                       0                       0             
LD 2018C56000002251310/07/2018101024RGL5311456000000097709/07/201809/07/201809/07/201801661195Rgl/Facture 25650078     D4          9291CB00    0             0650078                   0                       0                       0                       0                       0             
LD 2018C56000002251310/07/2018101024AGR4111000000000097709/07/201809/07/201809/07/201801661196Rgl/Fact  25650079       C4           948  00    0             0650079                   0                       0                       0                       0                       0             
LD 2018C56000002251310/07/2018101024RGL5311456000000097709/07/201809/07/201809/07/201801661196Rgl/Facture 25650079     D4           948ES00    0             0650079                   0                       0                       0                       0                       0             
LD 2018C56000002251310/07/2018101024AGR4111000000000097709/07/201809/07/201809/07/201801661197Rgl/Fact  25650080       C4          1694  00    0             0650080                   0                       0                       0                       0                       0             
LD 2018C56000002251310/07/2018101024RGL5311456000000097709/07/201809/07/201809/07/201801661197Rgl/Facture 25650080     D4          1694CB00    0             0650080                   0                       0                       0                       0                       0             
LD 2018C56000002251310/07/2018101024AGR4111000000000097709/07/201809/07/201809/07/201801661198Rgl/Fact  25650081       C4          2115  00    0             0650081                   0                       0                       0                       0                       0             
LD 2018C56000002251310/07/2018101024RGL5311456000000097709/07/201809/07/201809/07/201801661198Rgl/Facture 25650081     D4          2115ES00    0             0650081                   0                       0                       0                       0                       0             
LD 2018C56000002251310/07/2018101024AGR4111000000000097709/07/201809/07/201809/07/201801661199Rgl/Fact  25650082       C4          2198  00    0             0650082                   0                       0                       0                       0                       0             
LD 2018C56000002251310/07/2018101024RGL5311456000000097709/07/201809/07/201809/07/201801661199Rgl/Facture 25650082     D4          2198CB00    0             0650082                   0                       0                       0                       0                       0             
LD 2018C56000002251310/07/2018101024AGR4111000000000097709/07/201809/07/201809/07/201801661200Rgl/Fact  25650083       C4          3088  00    0             0650083                   0                       0                       0                       0                       0             
LD 2018C56000002251310/07/2018101024RGL5311456000000097709/07/201809/07/201809/07/201801661200Rgl/Facture 25650083     D4          3088CB00    0             0650083                   0                       0                       0                       0                       0             
LD 2018C56000002251310/07/2018101024AGR4111000000000097709/07/201809/07/201809/07/201801661201Rgl/Fact  25650084       C4          1708  00    0             0650084                   0                       0                       0                       0                       0             
LD 2018C56000002251310/07/2018101024RGL5311456000000097709/07/201809/07/201809/07/201801661201Rgl/Facture 25650084     D4          1708CB00    0             0650084                   0                       0                       0                       0                       0             
LD 2018C56000002251310/07/2018101024AGR4111000000000097709/07/201809/07/201809/07/201801661202Rgl/Fact  25650085       C4          4095  00    0             0650085                   0                       0                       0                       0                       0             
LD 2018C56000002251310/07/2018101024RGL5311456000000097709/07/201809/07/201809/07/201801661202Rgl/Facture 25650085     D4          4095CB00    0             0650085                   0                       0                       0                       0                       0             
LD 2018C56000002251310/07/2018101024AGR4111000000000097709/07/201809/07/201809/07/201801661203Rgl/Fact  25650086       C4          4491  00    0             0650086                   0                       0                       0                       0                       0             
LD 2018C56000002251310/07/2018101024RGL5311456000000097709/07/201809/07/201809/07/201801661203Rgl/Facture 25650086     D4          4491CB00    0             0650086                   0                       0                       0                       0                       0             
LD 2018C56000002251310/07/2018101024AGR4111000000000097709/07/201809/07/201809/07/201801661204Rgl/Fact  25650087       C4           796  00    0             0650087                   0                       0                       0                       0                       0             
LD 2018C56000002251310/07/2018101024RGL5311456000000097709/07/201809/07/201809/07/201801661204Rgl/Facture 25650087     D4           796ES00    0             0650087                   0                       0                       0                       0                       0             
LD 2018C56000002251310/07/2018101024AGR4111000000000097709/07/201809/07/201809/07/201801661205Rgl/Fact  25650088       C4          1478  00    0             0650088                   0                       0                       0                       0                       0             
LD 2018C56000002251310/07/2018101024RGL5311456000000097709/07/201809/07/201809/07/201801661205Rgl/Facture 25650088     D4          1478CB00    0             0650088                   0                       0                       0                       0                       0             
LD 2018C56000002251310/07/2018101024AGR4111000000000097709/07/201809/07/201809/07/201801661206Rgl/Fact  25650089       C4          1697  00    0             0650089                   0                       0                       0                       0                       0             
LD 2018C56000002251310/07/2018101024RGL5311456000000097709/07/201809/07/201809/07/201801661206Rgl/Facture 25650089     D4          1697CB00    0             0650089                   0                       0                       0                       0                       0             
LD 2018C56000002251310/07/2018101024AGR4111000000000097709/07/201809/07/201809/07/201801661207Rgl/Fact  25650090       C4          7498  00    0             0650090                   0                       0                       0                       0                       0             
LD 2018C56000002251310/07/2018101024RGL5311456000000097709/07/201809/07/201809/07/201801661207Rgl/Facture 25650090     D4          7498CB00    0             0650090                   0                       0                       0                       0                       0             
LD 2018C56000002251310/07/2018101024AGR4111000000000097709/07/201809/07/201809/07/201801661208Rgl/Fact  25650091       C4          1449  00    0             0650091                   0                       0                       0                       0                       0             
LD 2018C56000002251310/07/2018101024RGL5311456000000097709/07/201809/07/201809/07/201801661208Rgl/Facture 25650091     D4          1449CB00    0             0650091                   0                       0                       0                       0                       0             
LD 2018C56000002251310/07/2018101024AGR4111000000000097709/07/201809/07/201809/07/201801661209Rgl/Fact  25650092       C4           798  00    0             0650092                   0                       0                       0                       0                       0             
LD 2018C56000002251310/07/2018101024RGL5311456000000097709/07/201809/07/201809/07/201801661209Rgl/Facture 25650092     D4           798ES00    0             0650092                   0                       0                       0                       0                       0             
LD 2018C56000002251310/07/2018101024AGR4111000000000097709/07/201809/07/201809/07/201801661210Rgl/Fact  25650093       C4           990  00    0             0650093                   0                       0                       0                       0                       0             
LD 2018C56000002251310/07/2018101024RGL5311456000000097709/07/201809/07/201809/07/201801661210Rgl/Facture 25650093     D4           990CB00    0             0650093                   0                       0                       0                       0                       0             
LD 2018C56000002251310/07/2018101024AGR4111000000000097709/07/201809/07/201809/07/201801661211Rgl/Fact  25650094       C4          1585  00    0             0650094                   0                       0                       0                       0                       0             
LD 2018C56000002251310/07/2018101024RGL5311456000000097709/07/201809/07/201809/07/201801661211Rgl/Facture 25650094     D4          1585CB00    0             0650094                   0                       0                       0                       0                       0             
LD 2018C56000002251310/07/2018101024AGR4111000000000097709/07/201809/07/201809/07/201801661212Rgl/Fact  25650095       C4          7335  00    0             0650095                   0                       0                       0                       0                       0             
LD 2018C56000002251310/07/2018101024RGL5311456000000097709/07/201809/07/201809/07/201801661212Rgl/Facture 25650095     D4          7335CB00    0             0650095                   0                       0                       0                       0                       0             
LD 2018C56000002251310/07/2018101024AGR4111000000000097709/07/201809/07/201809/07/201801661213Rgl/Fact  25650096       C4          1085  00    0             0650096                   0                       0                       0                       0                       0             
LD 2018C56000002251310/07/2018101024RGL5311456000000097709/07/201809/07/201809/07/201801661213Rgl/Facture 25650096     D4          1085CB00    0             0650096                   0                       0                       0                       0                       0             
LD 2018C56000002251310/07/2018101024AGR4111000000000097709/07/201809/07/201809/07/201801661214Rgl/Fact  25650097       C4           318  00    0             0650097                   0                       0                       0                       0                       0             
LD 2018C56000002251310/07/2018101024RGL5311456000000097709/07/201809/07/201809/07/201801661214Rgl/Facture 25650097     D4           318ES00    0             0650097                   0                       0                       0                       0                       0             
LD 2018C56000002251310/07/2018101024AGR4111000000000097709/07/201809/07/201809/07/201801661215Rgl/Fact  25650098       C4          4715  00    0             0650098                   0                       0                       0                       0                       0             
LD 2018C56000002251310/07/2018101024RGL5311456000000097709/07/201809/07/201809/07/201801661215Rgl/Facture 25650098     D4          4715CB00    0             0650098                   0                       0                       0                       0                       0             
LD 2018C56000002251310/07/2018101024AGR4111000000000097709/07/201809/07/201809/07/201801661216Rgl/Fact  25650099       C4          2598  00    0             0650099                   0                       0                       0                       0                       0             
LD 2018C56000002251310/07/2018101024RGL5311456000000097709/07/201809/07/201809/07/201801661216Rgl/Facture 25650099     D4          2598CB00    0             0650099                   0                       0                       0                       0                       0             
LD 2018C56000002251310/07/2018101024AGR4111000000000097709/07/201809/07/201809/07/201801661217Rgl/Fact  25650100       C4          4328  00    0             0650100                   0                       0                       0                       0                       0             
LD 2018C56000002251310/07/2018101024RGL5311456000000097709/07/201809/07/201809/07/201801661217Rgl/Facture 25650100     D4          4328CB00    0             0650100                   0                       0                       0                       0                       0             
LD 2018C56000002251310/07/2018101024AGR4111000000000097709/07/201809/07/201809/07/201801661218Rgl/Fact  25650101       C4          4147  00    0             0650101                   0                       0                       0                       0                       0             
LD 2018C56000002251310/07/2018101024RGL5311456000000097709/07/201809/07/201809/07/201801661218Rgl/Facture 25650101     D4          4147CB00    0             0650101                   0                       0                       0                       0                       0             
LD 2018C56000002251310/07/2018101024AGR4111000000000097709/07/201809/07/201809/07/201801661219Rgl/Fact  25650102       C4          3078  00    0             0650102                   0                       0                       0                       0                       0             
LD 2018C56000002251310/07/2018101024RGL5311456000000097709/07/201809/07/201809/07/201801661219Rgl/Facture 25650102     D4          3078ES00    0             0650102                   0                       0                       0                       0                       0             
LD 2018C56000002251310/07/2018101024AGR4111000000000097709/07/201809/07/201809/07/201801661220Rgl/Fact  25650103       C4          1099  00    0             0650103                   0                       0                       0                       0                       0             
LD 2018C56000002251310/07/2018101024RGL5311456000000097709/07/201809/07/201809/07/201801661220Rgl/Facture 25650103     D4          1099ES00    0             0650103                   0                       0                       0                       0                       0             
LD 2018C56000002251310/07/2018101024AGR4111000000000097709/07/201809/07/201809/07/201801661221Rgl/Fact  25650104       C4          9574  00    0             0650104                   0                       0                       0                       0                       0             
LD 2018C56000002251310/07/2018101024RGL5311456000000097709/07/201809/07/201809/07/201801661221Rgl/Facture 25650104     D4          9574CB00    0             0650104                   0                       0                       0                       0                       0             
LD 2018C56000002251310/07/2018101024AGR4111000000000097709/07/201809/07/201809/07/201801661222Rgl/Fact  25650105       C4           350  00    0             0650105                   0                       0                       0                       0                       0             
LD 2018C56000002251310/07/2018101024RGL5311456000000097709/07/201809/07/201809/07/201801661222Rgl/Facture 25650105     D4           350ES00    0             0650105                   0                       0                       0                       0                       0             
LD 2018C56000002251310/07/2018101024AGR4111000000000097709/07/201809/07/201809/07/201801661223Rgl/Fact  25650106       C4          1898  00    0             0650106                   0                       0                       0                       0                       0             
LD 2018C56000002251310/07/2018101024RGL5311456000000097709/07/201809/07/201809/07/201801661223Rgl/Facture 25650106     D4          1898CB00    0             0650106                   0                       0                       0                       0                       0             
LD 2018C56000002251310/07/2018101024AGR4111000000000097709/07/201809/07/201809/07/201801661224Rgl/Fact  25650107       C4           749  00    0             0650107                   0                       0                       0                       0                       0             
LD 2018C56000002251310/07/2018101024RGL5311456000000097709/07/201809/07/201809/07/201801661224Rgl/Facture 25650107     D4           749CB00    0             0650107                   0                       0                       0                       0                       0             
LD 2018C56000002251310/07/2018101024AGR4111000000000097709/07/201809/07/201809/07/201801661225Rgl/Fact  25650108       C4          1049  00    0             0650108                   0                       0                       0                       0                       0             
LD 2018C56000002251310/07/2018101024RGL5311456000000097709/07/201809/07/201809/07/201801661225Rgl/Facture 25650108     D4          1049CB00    0             0650108                   0                       0                       0                       0                       0             
LD 2018C56000002251310/07/2018101024AGR4111000000000097709/07/201809/07/201809/07/201801661226Rgl/Fact  25650109       C4          1612  00    0             0650109                   0                       0                       0                       0                       0             
LD 2018C56000002251310/07/2018101024RGL5311456000000097709/07/201809/07/201809/07/201801661226Rgl/Facture 25650109     D4          1612CB00    0             0650109                   0                       0                       0                       0                       0             
LD 2018C56000002251310/07/2018101024AGR4111000000000097709/07/201809/07/201809/07/201801661227Rgl/Fact  25650110       C4           149  00    0             0650110                   0                       0                       0                       0                       0             
LD 2018C56000002251310/07/2018101024RGL5311456000000097709/07/201809/07/201809/07/201801661227Rgl/Facture 25650110     D4           149ES00    0             0650110                   0                       0                       0                       0                       0             
LD 2018C56000002251310/07/2018101024AGR4111000000000097709/07/201809/07/201809/07/201801661228Rgl/Fact  25650111       C4           529  00    0             0650111                   0                       0                       0                       0                       0             
LD 2018C56000002251310/07/2018101024RGL5311456000000097709/07/201809/07/201809/07/201801661228Rgl/Facture 25650111     D4           529ES00    0             0650111                   0                       0                       0                       0                       0             
LD 2018C56000002251310/07/2018101025AGR4111000000000097709/07/201809/07/201809/07/201801661229Rgl/Fact  25650112       C4          1749  00    0             0650112                   0                       0                       0                       0                       0             
LD 2018C56000002251310/07/2018101025RGL5311456000000097709/07/201809/07/201809/07/201801661229Rgl/Facture 25650112     D4          1749CB00    0             0650112                   0                       0                       0                       0                       0             
LD 2018C56000002251310/07/2018101025AGR4111000000000097709/07/201809/07/201809/07/201801661230Rgl/Fact  25650113       C4           529  00    0             0650113                   0                       0                       0                       0                       0             
LD 2018C56000002251310/07/2018101025RGL5311456000000097709/07/201809/07/201809/07/201801661230Rgl/Facture 25650113     D4           529ES00    0             0650113                   0                       0                       0                       0                       0             
LD 2018C56000002251310/07/2018101025AGR4111000000000097709/07/201809/07/201809/07/201801661231Rgl/Fact  25650114       C4          1994  00    0             0650114                   0                       0                       0                       0                       0             
LD 2018C56000002251310/07/2018101025RGL5311456000000097709/07/201809/07/201809/07/201801661231Rgl/Facture 25650114     D4          1994CB00    0             0650114                   0                       0                       0                       0                       0             
LD 2018C56000002251310/07/2018101025AGR4111000000000097709/07/201809/07/201809/07/201801661232Rgl/Fact  25650115       C4          2748  00    0             0650115                   0                       0                       0                       0                       0             
LD 2018C56000002251310/07/2018101025RGL5311456000000097709/07/201809/07/201809/07/201801661232Rgl/Facture 25650115     D4          2748CB00    0             0650115                   0                       0                       0                       0                       0             
LD 2018C56000002251310/07/2018101025AGR4111000000000097709/07/201809/07/201809/07/201801661233Rgl/Fact  25650116       C4         11036  00    0             0650116                   0                       0                       0                       0                       0             
LD 2018C56000002251310/07/2018101025RGL5311456000000097709/07/201809/07/201809/07/201801661233Rgl/Facture 25650116     D4         11036CB00    0             0650116                   0                       0                       0                       0                       0             
LD 2018C56000002251310/07/2018101025AGR4111000000000097709/07/201809/07/201809/07/201801661234Rgl/Fact  25650117       C4          1186  00    0             0650117                   0                       0                       0                       0                       0             
LD 2018C56000002251310/07/2018101025RGL5311456000000097709/07/201809/07/201809/07/201801661234Rgl/Facture 25650117     D4          1186CB00    0             0650117                   0                       0                       0                       0                       0             
LD 2018C56000002251310/07/2018101025AGR4111000000000097709/07/201809/07/201809/07/201801661235Rgl/Fact  25650118       C4          4999  00    0             0650118                   0                       0                       0                       0                       0             
LD 2018C56000002251310/07/2018101025RGL5311456000000097709/07/201809/07/201809/07/201801661235Rgl/Facture 25650118     D4          2000CB00    0             0650118                   0                       0                       0                       0                       0             
LD 2018C56000002251310/07/2018101025RGL5311456000000097709/07/201809/07/201809/07/201801661235Rgl/Facture 25650118     D4          2999ES00    0             0650118                   0                       0                       0                       0                       0             
LD 2018C56000002251310/07/2018101025AGR4111000000000097709/07/201809/07/201809/07/201801661236Rgl/Fact  25650119       C4           499  00    0             0650119                   0                       0                       0                       0                       0             
LD 2018C56000002251310/07/2018101025RGL5311456000000097709/07/201809/07/201809/07/201801661236Rgl/Facture 25650119     D4           499ES00    0             0650119                   0                       0                       0                       0                       0             
LD 2018C56000002251310/07/2018101025AGR4111000000000097709/07/201809/07/201809/07/201801661237Rgl/Fact  25650120       C4           849  00    0             0650120                   0                       0                       0                       0                       0             
LD 2018C56000002251310/07/2018101025RGL5311456000000097709/07/201809/07/201809/07/201801661237Rgl/Facture 25650120     D4           849CB00    0             0650120                   0                       0                       0                       0                       0             
LD 2018C56000002251310/07/2018101025AGR4111000000000097709/07/201809/07/201809/07/201801661238Rgl/Fact  25650121       C4          3157  00    0             0650121                   0                       0                       0                       0                       0             
LD 2018C56000002251310/07/2018101025RGL5311456000000097709/07/201809/07/201809/07/201801661238Rgl/Facture 25650121     D4          3157CB00    0             0650121                   0                       0                       0                       0                       0             
LD 2018C56000002251310/07/2018101025AGR4111000000000097709/07/201809/07/201809/07/201801661239Rgl/Fact  25650122       C4          1248  00    0             0650122                   0                       0                       0                       0                       0             
LD 2018C56000002251310/07/2018101025RGL5311456000000097709/07/201809/07/201809/07/201801661239Rgl/Facture 25650122     D4          1248CB00    0             0650122                   0                       0                       0                       0                       0             
LD 2018C56000002251310/07/2018101025AGR4111000000000097709/07/201809/07/201809/07/201801661240Rgl/Fact  25650123       C4          1636  00    0             0650123                   0                       0                       0                       0                       0             
LD 2018C56000002251310/07/2018101025RGL5311456000000097709/07/201809/07/201809/07/201801661240Rgl/Facture 25650123     D4          1636ES00    0             0650123                   0                       0                       0                       0                       0             
LD 2018C56000002251310/07/2018101025AGR4111000000000097709/07/201809/07/201809/07/201801661241Rgl/Fact  25650124       C4          1938  00    0             0650124                   0                       0                       0                       0                       0             
LD 2018C56000002251310/07/2018101025RGL5311456000000097709/07/201809/07/201809/07/201801661241Rgl/Facture 25650124     D4          1938CB00    0             0650124                   0                       0                       0                       0                       0             
LD 2018C56000002251310/07/2018101025AGR4111000000000097709/07/201809/07/201809/07/201801661242Rgl/Fact  25650125       C4          3977  00    0             0650125                   0                       0                       0                       0                       0             
LD 2018C56000002251310/07/2018101025RGL5311456000000097709/07/201809/07/201809/07/201801661242Rgl/Facture 25650125     D4          3977ES00    0             0650125                   0                       0                       0                       0                       0             
LD 2018C56000002251310/07/2018101025AGR4111000000000097709/07/201809/07/201809/07/201801661243Rgl/Fact  25650126       C4          4496  00    0             0650126                   0                       0                       0                       0                       0             
LD 2018C56000002251310/07/2018101025RGL5311456000000097709/07/201809/07/201809/07/201801661243Rgl/Facture 25650126     D4          4496ES00    0             0650126                   0                       0                       0                       0                       0             
LD 2018C56000002251310/07/2018101025AGR4111000000000097709/07/201809/07/201809/07/201801661244Rgl/Fact  25650127       C4           289  00    0             0650127                   0                       0                       0                       0                       0             
LD 2018C56000002251310/07/2018101025RGL5311456000000097709/07/201809/07/201809/07/201801661244Rgl/Facture 25650127     D4           289ES00    0             0650127                   0                       0                       0                       0                       0             
LD 2018C56000002251310/07/2018101025AGR4111000000000097709/07/201809/07/201809/07/201801661245Rgl/Fact  25650128       C4          2424  00    0             0650128                   0                       0                       0                       0                       0             
LD 2018C56000002251310/07/2018101025RGL5311456000000097709/07/201809/07/201809/07/201801661245Rgl/Facture 25650128     D4          2424ES00    0             0650128                   0                       0                       0                       0                       0             
LD 2018C56000002251310/07/2018101025AGR4111000000000097709/07/201809/07/201809/07/201801661246Rgl/Fact  25650129       C4          4197  00    0             0650129                   0                       0                       0                       0                       0             
LD 2018C56000002251310/07/2018101025RGL5311456000000097709/07/201809/07/201809/07/201801661246Rgl/Facture 25650129     D4          4197CB00    0             0650129                   0                       0                       0                       0                       0             
LD 2018C56000002251310/07/2018101025AGR4111000000000097709/07/201809/07/201809/07/201801661247Rgl/Fact  25650130       C4           224  00    0             0650130                   0                       0                       0                       0                       0             
LD 2018C56000002251310/07/2018101025RGL5311456000000097709/07/201809/07/201809/07/201801661247Rgl/Facture 25650130     D4           224ES00    0             0650130                   0                       0                       0                       0                       0             
LD 2018C56000002251310/07/2018101025AGR4111000000000097709/07/201809/07/201809/07/201801661248Rgl/Fact  25650131       C4          1798  00    0             0650131                   0                       0                       0                       0                       0             
LD 2018C56000002251310/07/2018101025RGL5311456000000097709/07/201809/07/201809/07/201801661248Rgl/Facture 25650131     D4          1798ES00    0             0650131                   0                       0                       0                       0                       0             
LD 2018C56000002251310/07/2018101025AGR4111000000000097709/07/201809/07/201809/07/201801661252Rgl/Fact  25650133       C4           499  00    0             0650133                   0                       0                       0                       0                       0             
LD 2018C56000002251310/07/2018101025RGL5311456000000097709/07/201809/07/201809/07/201801661252Rgl/Facture 25650133     D4           499CB00    0             0650133                   0                       0                       0                       0                       0             
LD 2018C56000002251310/07/2018101025AGR4111000000000097709/07/201809/07/201809/07/201801661253Rgl/Fact  25650134       C4          2699  00    0             0650134                   0                       0                       0                       0                       0             
LD 2018C56000002251310/07/2018101025RGL5311456000000097709/07/201809/07/201809/07/201801661253Rgl/Facture 25650134     D4          2699CB00    0             0650134                   0                       0                       0                       0                       0             
LD 2018C56000002251310/07/2018101025AGR4111000000000097709/07/201809/07/201809/07/201801661254Rgl/Fact  25650135       C4          3238  00    0             0650135                   0                       0                       0                       0                       0             
LD 2018C56000002251310/07/2018101025RGL5311456000000097709/07/201809/07/201809/07/201801661254Rgl/Facture 25650135     D4          3238CB00    0             0650135                   0                       0                       0                       0                       0             
LD 2018C56000002251310/07/2018101025AGR4111000000000097709/07/201809/07/201809/07/201801661255Rgl/Fact  25650136       C4          7510  00    0             0650136                   0                       0                       0                       0                       0             
LD 2018C56000002251310/07/2018101025RGL5311456000000097709/07/201809/07/201809/07/201801661255Rgl/Facture 25650136     D4          7510CB00    0             0650136                   0                       0                       0                       0                       0             
LD 2018C56000002251310/07/2018101025AGR4111000000000097709/07/201809/07/201809/07/201801661256Rgl/Fact  25650137       C4          2398  00    0             0650137                   0                       0                       0                       0                       0             
LD 2018C56000002251310/07/2018101025RGL5311456000000097709/07/201809/07/201809/07/201801661256Rgl/Facture 25650137     D4          2398CB00    0             0650137                   0                       0                       0                       0                       0             
LD 2018C56000002251310/07/2018101025AGR4111000000000097709/07/201809/07/201809/07/201801661257Rgl/Fact  25650138       C4            29  00    0             0650138                   0                       0                       0                       0                       0             
LD 2018C56000002251310/07/2018101025RGL5311456000000097709/07/201809/07/201809/07/201801661257Rgl/Facture 25650138     D4            29ES00    0             0650138                   0                       0                       0                       0                       0             
LD 2018C56000002251310/07/2018101025AGR4111000000000097709/07/201809/07/201809/07/201801661258Rgl/Fact  25650139       C4          4454  00    0             0650139                   0                       0                       0                       0                       0             
LD 2018C56000002251310/07/2018101025RGL5311456000000097709/07/201809/07/201809/07/201801661258Rgl/Facture 25650139     D4          4454CB00    0             0650139                   0                       0                       0                       0                       0             
LD 2018C56000002251310/07/2018101025AGR4111000000000097709/07/201809/07/201809/07/201801661259Rgl/Fact  25650140       C4          1049  00    0             0650140                   0                       0                       0                       0                       0             
LD 2018C56000002251310/07/2018101025RGL5311456000000097709/07/201809/07/201809/07/201801661259Rgl/Facture 25650140     D4          1049ES00    0             0650140                   0                       0                       0                       0                       0             
LD 2018C56000002251310/07/2018101025AGR4111000000000097709/07/201809/07/201809/07/201801661260Rgl/Fact  25650141       C4          3963  00    0             0650141                   0                       0                       0                       0                       0             
LD 2018C56000002251310/07/2018101025RGL5311456000000097709/07/201809/07/201809/07/201801661260Rgl/Facture 25650141     D4          3963CB00    0             0650141                   0                       0                       0                       0                       0             
LD 2018C56000002251310/07/2018101025AGR4111000000000097709/07/201809/07/201809/07/201801661261Rgl/Fact  25650142       C4          2238  00    0             0650142                   0                       0                       0                       0                       0             
LD 2018C56000002251310/07/2018101025RGL5311456000000097709/07/201809/07/201809/07/201801661261Rgl/Facture 25650142     D4          2238CB00    0             0650142                   0                       0                       0                       0                       0             
LD 2018C56000002251310/07/2018101025AGR4111000000000097709/07/201809/07/201809/07/201801661262Rgl/Fact  25650143       C4           498  00    0             0650143                   0                       0                       0                       0                       0             
LD 2018C56000002251310/07/2018101025RGL5311456000000097709/07/201809/07/201809/07/201801661262Rgl/Facture 25650143     D4           498ES00    0             0650143                   0                       0                       0                       0                       0             
LD 2018C56000002251310/07/2018101025AGR4111000000000097709/07/201809/07/201809/07/201801661263Rgl/Fact  25650144       C4          4453  00    0             0650144                   0                       0                       0                       0                       0             
LD 2018C56000002251310/07/2018101025RGL5311456000000097709/07/201809/07/201809/07/201801661263Rgl/Facture 25650144     D4          4453CB00    0             0650144                   0                       0                       0                       0                       0             
LD 2018C56000002251310/07/2018101025AGR4111000000000097709/07/201809/07/201809/07/201801661264Rgl/Fact  25650145       C4          3399  00    0             0650145                   0                       0                       0                       0                       0             
LD 2018C56000002251310/07/2018101025RGL5311456000000097709/07/201809/07/201809/07/201801661264Rgl/Facture 25650145     D4          3399ES00    0             0650145                   0                       0                       0                       0                       0             
LD 2018C56000002251310/07/2018101025AGR4111000000000097709/07/201809/07/201809/07/201801661265Rgl/Fact  25650146       C4          1949  00    0             0650146                   0                       0                       0                       0                       0             
LD 2018C56000002251310/07/2018101025RGL5311456000000097709/07/201809/07/201809/07/201801661265Rgl/Facture 25650146     D4          1949CB00    0             0650146                   0                       0                       0                       0                       0             
LD 2018C56000002251310/07/2018101025AGR4111000000000097709/07/201809/07/201809/07/201801661266Rgl/Fact  25650147       C4          5209  00    0             0650147                   0                       0                       0                       0                       0             
LD 2018C56000002251310/07/2018101025RGL5311456000000097709/07/201809/07/201809/07/201801661266Rgl/Facture 25650147     D4          5209CB00    0             0650147                   0                       0                       0                       0                       0             
LD 2018C56000002251310/07/2018101025AGR4111000000000097709/07/201809/07/201809/07/201801661267Rgl/Fact  25650148       C4          3299  00    0             0650148                   0                       0                       0                       0                       0             
LD 2018C56000002251310/07/2018101025RGL5311456000000097709/07/201809/07/201809/07/201801661267Rgl/Facture 25650148     D4          3299CB00    0             0650148                   0                       0                       0                       0                       0             
LD 2018C56000002251310/07/2018101025RGL51215120001      09/07/201809/07/201809/07/201801661136456/Entre Caisse        C4         78400ES00    0             0000000                   0                       0                       0                       0                       0             
LD 2018C56000002251310/07/2018101025RGL53114560001      09/07/201809/07/201809/07/201801661136456/Entre Caisse        D4         78400ES00    0             0000000                   0                       0                       0                       0                       0             
LD 2018C56000002251310/07/2018101025RGL5820000000000097709/07/201809/07/201809/07/201801661269456/Remise CH  01        D4          6503CH00    0             0000001                   0                       0                       0                       0                       0             
LD 2018C56000002251310/07/2018101025RGL531145600        09/07/201809/07/201809/07/201801661269456/Remise CH  01        C4          6503CH00    0             0000001                   0                       0                       0                       0                       0             
LD 2018C56000002251310/07/2018101025RGL5830000000000097709/07/201809/07/201809/07/201801661272456/Remise CB            D4        360848CB00    0             0000000                   0                       0                       0                       0                       0             
LD 2018C56000002251310/07/2018101025RGL531145600        09/07/201809/07/201809/07/201801661272456/Remise CB            C4        360848CB00    0             0000000                   0                       0                       0                       0                       0             
LD 2018C56000002251310/07/2018101025RGL5810000000000097709/07/201809/07/201809/07/201801661275456/Remise ES            D4         98000ES00    0             0000000                   0                       0                       0                       0                       0             
LD 2018C56000002251310/07/2018101025RGL531145600        09/07/201809/07/201809/07/201801661275456/Remise ES            C4         98000ES00    0             0000000                   0                       0                       0                       0                       0             
