LD 2018C66000002251910/07/2018101048AGR4111000000000098409/07/201809/07/201809/07/201801611606Rgl/Fact  26604261       C4          3948  00    0             0604261                   0                       0                       0                       0                       0             
LD 2018C66000002251910/07/2018101048RGL5311466000000098409/07/201809/07/201809/07/201801611606Rgl/Facture 26604261     D4          3948CH00    0             0604261                   0                       0                       0                       0                       0             
LD 2018C66000002251910/07/2018101048AGR4111000000000098409/07/201809/07/201809/07/201801611607Rgl/Fact  26604262       C4          3444  00    0             0604262                   0                       0                       0                       0                       0             
LD 2018C66000002251910/07/2018101048RGL5311466000000098409/07/201809/07/201809/07/201801611607Rgl/Facture 26604262     D4          3444ES00    0             0604262                   0                       0                       0                       0                       0             
LD 2018C66000002251910/07/2018101048AGR4111000000000098409/07/201809/07/201809/07/201801611608Rgl/Fact  26604263       C4           258  00    0             0604263                   0                       0                       0                       0                       0             
LD 2018C66000002251910/07/2018101048RGL5311466000000098409/07/201809/07/201809/07/201801611608Rgl/Facture 26604263     D4           258ES00    0             0604263                   0                       0                       0                       0                       0             
LD 2018C66000002251910/07/2018101048AGR4111000000000098409/07/201809/07/201809/07/201801611609Rgl/Fact  26604264       C4          3055  00    0             0604264                   0                       0                       0                       0                       0             
LD 2018C66000002251910/07/2018101048RGL5311466000000098409/07/201809/07/201809/07/201801611609Rgl/Facture 26604264     D4          3055ES00    0             0604264                   0                       0                       0                       0                       0             
LD 2018C66000002251910/07/2018101048AGR4111000000000098409/07/201809/07/201809/07/201801611610Rgl/Fact  26604265       C4           990  00    0             0604265                   0                       0                       0                       0                       0             
LD 2018C66000002251910/07/2018101048RGL5311466000000098409/07/201809/07/201809/07/201801611610Rgl/Facture 26604265     D4           990ES00    0             0604265                   0                       0                       0                       0                       0             
LD 2018C66000002251910/07/2018101048AGR4111000000000098409/07/201809/07/201809/07/201801611611Rgl/Fact  26604266       C4          1398  00    0             0604266                   0                       0                       0                       0                       0             
LD 2018C66000002251910/07/2018101048RGL5311466000000098409/07/201809/07/201809/07/201801611611Rgl/Facture 26604266     D4          1398CB00    0             0604266                   0                       0                       0                       0                       0             
LD 2018C66000002251910/07/2018101048AGR4111000000000098409/07/201809/07/201809/07/201801611612Rgl/Fact  26604267       C4          1600  00    0             0604267                   0                       0                       0                       0                       0             
LD 2018C66000002251910/07/2018101048RGL5311466000000098409/07/201809/07/201809/07/201801611612Rgl/Facture 26604267     D4          1600CB00    0             0604267                   0                       0                       0                       0                       0             
LD 2018C66000002251910/07/2018101048AGR4111000000000098409/07/201809/07/201809/07/201801611613Rgl/Fact  26604268       C4           900  00    0             0604268                   0                       0                       0                       0                       0             
LD 2018C66000002251910/07/2018101048RGL5311466000000098409/07/201809/07/201809/07/201801611613Rgl/Facture 26604268     D4           900CB00    0             0604268                   0                       0                       0                       0                       0             
LD 2018C66000002251910/07/2018101048AGR4111000000000098409/07/201809/07/201809/07/201801611614Rgl/Fact  26604269       C4          6028  00    0             0604269                   0                       0                       0                       0                       0             
LD 2018C66000002251910/07/2018101048RGL5311466000000098409/07/201809/07/201809/07/201801611614Rgl/Facture 26604269     D4          6028CB00    0             0604269                   0                       0                       0                       0                       0             
LD 2018C66000002251910/07/2018101048AGR4111000000000098409/07/201809/07/201809/07/201801611615Rgl/Fact  26604270       C4          4374  00    0             0604270                   0                       0                       0                       0                       0             
LD 2018C66000002251910/07/2018101048RGL5311466000000098409/07/201809/07/201809/07/201801611615Rgl/Facture 26604270     D4          4374CB00    0             0604270                   0                       0                       0                       0                       0             
LD 2018C66000002251910/07/2018101048AGR4111000000000098409/07/201809/07/201809/07/201801611616Rgl/Fact  26604271       C4          8988  00    0             0604271                   0                       0                       0                       0                       0             
LD 2018C66000002251910/07/2018101048RGL5311466000000098409/07/201809/07/201809/07/201801611616Rgl/Facture 26604271     D4          8988CB00    0             0604271                   0                       0                       0                       0                       0             
LD 2018C66000002251910/07/2018101048AGR4111000000000098409/07/201809/07/201809/07/201801611617Rgl/Fact  26604272       C4          2916  00    0             0604272                   0                       0                       0                       0                       0             
LD 2018C66000002251910/07/2018101048RGL5311466000000098409/07/201809/07/201809/07/201801611617Rgl/Facture 26604272     D4          2916CB00    0             0604272                   0                       0                       0                       0                       0             
LD 2018C66000002251910/07/2018101048AGR4111000000000098409/07/201809/07/201809/07/201801611618Rgl/Fact  26604273       C4          1600  00    0             0604273                   0                       0                       0                       0                       0             
LD 2018C66000002251910/07/2018101048RGL5311466000000098409/07/201809/07/201809/07/201801611618Rgl/Facture 26604273     D4          1600CB00    0             0604273                   0                       0                       0                       0                       0             
LD 2018C66000002251910/07/2018101048AGR4111000000000098409/07/201809/07/201809/07/201801611619Rgl/Fact  26604274       C4           490  00    0             0604274                   0                       0                       0                       0                       0             
LD 2018C66000002251910/07/2018101048RGL5311466000000098409/07/201809/07/201809/07/201801611619Rgl/Facture 26604274     D4           490CB00    0             0604274                   0                       0                       0                       0                       0             
LD 2018C66000002251910/07/2018101048AGR4111000000000098409/07/201809/07/201809/07/201801611620Rgl/Fact  26604275       C4          6285  00    0             0604275                   0                       0                       0                       0                       0             
LD 2018C66000002251910/07/2018101048RGL5311466000000098409/07/201809/07/201809/07/201801611620Rgl/Facture 26604275     D4          6285CB00    0             0604275                   0                       0                       0                       0                       0             
LD 2018C66000002251910/07/2018101048AGR4111000000000098409/07/201809/07/201809/07/201801611621Rgl/Fact  26604276       C4           398  00    0             0604276                   0                       0                       0                       0                       0             
LD 2018C66000002251910/07/2018101048RGL5311466000000098409/07/201809/07/201809/07/201801611621Rgl/Facture 26604276     D4           398ES00    0             0604276                   0                       0                       0                       0                       0             
LD 2018C66000002251910/07/2018101048AGR4111000000000098409/07/201809/07/201809/07/201801611622Rgl/Fact  26604277       C4           990  00    0             0604277                   0                       0                       0                       0                       0             
LD 2018C66000002251910/07/2018101048RGL5311466000000098409/07/201809/07/201809/07/201801611622Rgl/Facture 26604277     D4           990CB00    0             0604277                   0                       0                       0                       0                       0             
LD 2018C66000002251910/07/2018101048AGR4111000000000098409/07/201809/07/201809/07/201801611623Rgl/Fact  26604278       C4          3295  00    0             0604278                   0                       0                       0                       0                       0             
LD 2018C66000002251910/07/2018101048RGL5311466000000098409/07/201809/07/201809/07/201801611623Rgl/Facture 26604278     D4          3295ES00    0             0604278                   0                       0                       0                       0                       0             
LD 2018C66000002251910/07/2018101049AGR4111000000000098409/07/201809/07/201809/07/201801611624Rgl/Fact  26604279       C4          1140  00    0             0604279                   0                       0                       0                       0                       0             
LD 2018C66000002251910/07/2018101049RGL5311466000000098409/07/201809/07/201809/07/201801611624Rgl/Facture 26604279     D4          1140CB00    0             0604279                   0                       0                       0                       0                       0             
LD 2018C66000002251910/07/2018101049AGR4111000000000098409/07/201809/07/201809/07/201801611625Rgl/Fact  26604280       C4          3597  00    0             0604280                   0                       0                       0                       0                       0             
LD 2018C66000002251910/07/2018101049RGL5311466000000098409/07/201809/07/201809/07/201801611625Rgl/Facture 26604280     D4          3597CB00    0             0604280                   0                       0                       0                       0                       0             
LD 2018C66000002251910/07/2018101049AGR4111000000000098409/07/201809/07/201809/07/201801611626Rgl/Fact  26604281       C4          3341  00    0             0604281                   0                       0                       0                       0                       0             
LD 2018C66000002251910/07/2018101049RGL5311466000000098409/07/201809/07/201809/07/201801611626Rgl/Facture 26604281     D4          3341CB00    0             0604281                   0                       0                       0                       0                       0             
LD 2018C66000002251910/07/2018101049AGR4111000000000098409/07/201809/07/201809/07/201801611627Rgl/Fact  26604282       C4          2204  00    0             0604282                   0                       0                       0                       0                       0             
LD 2018C66000002251910/07/2018101049RGL5311466000000098409/07/201809/07/201809/07/201801611627Rgl/Facture 26604282     D4          2204CB00    0             0604282                   0                       0                       0                       0                       0             
LD 2018C66000002251910/07/2018101049AGR4111000000000098409/07/201809/07/201809/07/201801611628Rgl/Fact  26604283       C4           199  00    0             0604283                   0                       0                       0                       0                       0             
LD 2018C66000002251910/07/2018101049RGL5311466000000098409/07/201809/07/201809/07/201801611628Rgl/Facture 26604283     D4           199ES00    0             0604283                   0                       0                       0                       0                       0             
LD 2018C66000002251910/07/2018101049AGR4111000000000098409/07/201809/07/201809/07/201801611629Rgl/Fact  26604284       C4          1233  00    0             0604284                   0                       0                       0                       0                       0             
LD 2018C66000002251910/07/2018101049RGL5311466000000098409/07/201809/07/201809/07/201801611629Rgl/Facture 26604284     D4          1233ES00    0             0604284                   0                       0                       0                       0                       0             
LD 2018C66000002251910/07/2018101049AGR4111000000000098409/07/201809/07/201809/07/201801611630Rgl/Fact  26604285       C4          1299  00    0             0604285                   0                       0                       0                       0                       0             
LD 2018C66000002251910/07/2018101049RGL5311466000000098409/07/201809/07/201809/07/201801611630Rgl/Facture 26604285     D4          1299ES00    0             0604285                   0                       0                       0                       0                       0             
LD 2018C66000002251910/07/2018101049AGR4111000000000098409/07/201809/07/201809/07/201801611631Rgl/Fact  26604286       C4           318  00    0             0604286                   0                       0                       0                       0                       0             
LD 2018C66000002251910/07/2018101049RGL5311466000000098409/07/201809/07/201809/07/201801611631Rgl/Facture 26604286     D4           318CB00    0             0604286                   0                       0                       0                       0                       0             
LD 2018C66000002251910/07/2018101049AGR4111000000000098409/07/201809/07/201809/07/201801611632Rgl/Fact  26604287       C4          1787  00    0             0604287                   0                       0                       0                       0                       0             
LD 2018C66000002251910/07/2018101049RGL5311466000000098409/07/201809/07/201809/07/201801611632Rgl/Facture 26604287     D4          1787CB00    0             0604287                   0                       0                       0                       0                       0             
LD 2018C66000002251910/07/2018101049AGR4111000000000098409/07/201809/07/201809/07/201801611633Rgl/Fact  26604288       C4          2538  00    0             0604288                   0                       0                       0                       0                       0             
LD 2018C66000002251910/07/2018101049RGL5311466000000098409/07/201809/07/201809/07/201801611633Rgl/Facture 26604288     D4          2538CB00    0             0604288                   0                       0                       0                       0                       0             
LD 2018C66000002251910/07/2018101049AGR4111000000000098409/07/201809/07/201809/07/201801611634Rgl/Fact  26604289       C4          8478  00    0             0604289                   0                       0                       0                       0                       0             
LD 2018C66000002251910/07/2018101049RGL5311466000000098409/07/201809/07/201809/07/201801611634Rgl/Facture 26604289     D4          8478CB00    0             0604289                   0                       0                       0                       0                       0             
LD 2018C66000002251910/07/2018101049AGR4111000000000098409/07/201809/07/201809/07/201801611635Rgl/Fact  26604290       C4          9676  00    0             0604290                   0                       0                       0                       0                       0             
LD 2018C66000002251910/07/2018101049RGL5311466000000098409/07/201809/07/201809/07/201801611635Rgl/Facture 26604290     D4          9676CB00    0             0604290                   0                       0                       0                       0                       0             
LD 2018C66000002251910/07/2018101049AGR4111000000000098409/07/201809/07/201809/07/201801611636Rgl/Fact  26604291       C4          6269  00    0             0604291                   0                       0                       0                       0                       0             
LD 2018C66000002251910/07/2018101049RGL5311466000000098409/07/201809/07/201809/07/201801611636Rgl/Facture 26604291     D4          6269ES00    0             0604291                   0                       0                       0                       0                       0             
LD 2018C66000002251910/07/2018101049AGR4111000000000098409/07/201809/07/201809/07/201801611637Rgl/Fact  26604292       C4          1185  00    0             0604292                   0                       0                       0                       0                       0             
LD 2018C66000002251910/07/2018101049RGL5311466000000098409/07/201809/07/201809/07/201801611637Rgl/Facture 26604292     D4          1185ES00    0             0604292                   0                       0                       0                       0                       0             
LD 2018C66000002251910/07/2018101049AGR4111000000000098409/07/201809/07/201809/07/201801611638Rgl/Fact  26604293       C4          1194  00    0             0604293                   0                       0                       0                       0                       0             
LD 2018C66000002251910/07/2018101049RGL5311466000000098409/07/201809/07/201809/07/201801611638Rgl/Facture 26604293     D4          1194CB00    0             0604293                   0                       0                       0                       0                       0             
LD 2018C66000002251910/07/2018101049AGR4111000000000098409/07/201809/07/201809/07/201801611639Rgl/Fact  26604294       C4          6726  00    0             0604294                   0                       0                       0                       0                       0             
LD 2018C66000002251910/07/2018101049RGL5311466000000098409/07/201809/07/201809/07/201801611639Rgl/Facture 26604294     D4          6726CB00    0             0604294                   0                       0                       0                       0                       0             
LD 2018C66000002251910/07/2018101049AGR4111000000000098409/07/201809/07/201809/07/201801611640Rgl/Fact  26604295       C4          1930  00    0             0604295                   0                       0                       0                       0                       0             
LD 2018C66000002251910/07/2018101049RGL5311466000000098409/07/201809/07/201809/07/201801611640Rgl/Facture 26604295     D4          1930ES00    0             0604295                   0                       0                       0                       0                       0             
LD 2018C66000002251910/07/2018101049AGR4111000000000098409/07/201809/07/201809/07/201801611641Rgl/Fact  26604296       C4          2548  00    0             0604296                   0                       0                       0                       0                       0             
LD 2018C66000002251910/07/2018101049RGL5311466000000098409/07/201809/07/201809/07/201801611641Rgl/Facture 26604296     D4          2548CB00    0             0604296                   0                       0                       0                       0                       0             
LD 2018C66000002251910/07/2018101049AGR4111000000000098409/07/201809/07/201809/07/201801611642Rgl/Fact  26604297       C4           275  00    0             0604297                   0                       0                       0                       0                       0             
LD 2018C66000002251910/07/2018101049RGL5311466000000098409/07/201809/07/201809/07/201801611642Rgl/Facture 26604297     D4           275ES00    0             0604297                   0                       0                       0                       0                       0             
LD 2018C66000002251910/07/2018101049AGR4111000000000098409/07/201809/07/201809/07/201801611643Rgl/Fact  26604298       C4          3086  00    0             0604298                   0                       0                       0                       0                       0             
LD 2018C66000002251910/07/2018101049RGL5311466000000098409/07/201809/07/201809/07/201801611643Rgl/Facture 26604298     D4          3086CB00    0             0604298                   0                       0                       0                       0                       0             
LD 2018C66000002251910/07/2018101049AGR4111000000000098409/07/201809/07/201809/07/201801611644Rgl/Fact  26604299       C4          5336  00    0             0604299                   0                       0                       0                       0                       0             
LD 2018C66000002251910/07/2018101049RGL5311466000000098409/07/201809/07/201809/07/201801611644Rgl/Facture 26604299     D4          5336CB00    0             0604299                   0                       0                       0                       0                       0             
LD 2018C66000002251910/07/2018101049AGR4111000000000098409/07/201809/07/201809/07/201801611645Rgl/Fact  26604300       C4           338  00    0             0604300                   0                       0                       0                       0                       0             
LD 2018C66000002251910/07/2018101049RGL5311466000000098409/07/201809/07/201809/07/201801611645Rgl/Facture 26604300     D4           338CB00    0             0604300                   0                       0                       0                       0                       0             
LD 2018C66000002251910/07/2018101049AGR4111000000000098409/07/201809/07/201809/07/201801611646Rgl/Fact  26604301       C4         10302  00    0             0604301                   0                       0                       0                       0                       0             
LD 2018C66000002251910/07/2018101049RGL5311466000000098409/07/201809/07/201809/07/201801611646Rgl/Facture 26604301     D4         10302ES00    0             0604301                   0                       0                       0                       0                       0             
LD 2018C66000002251910/07/2018101049AGR4111000000000098409/07/201809/07/201809/07/201801611647Rgl/Fact  26604302       C4          2399  00    0             0604302                   0                       0                       0                       0                       0             
LD 2018C66000002251910/07/2018101049RGL5311466000000098409/07/201809/07/201809/07/201801611647Rgl/Facture 26604302     D4          2399ES00    0             0604302                   0                       0                       0                       0                       0             
LD 2018C66000002251910/07/2018101049AGR4111000000000098409/07/201809/07/201809/07/201801611648Rgl/Fact  26604303       C4          1399  00    0             0604303                   0                       0                       0                       0                       0             
LD 2018C66000002251910/07/2018101049RGL5311466000000098409/07/201809/07/201809/07/201801611648Rgl/Facture 26604303     D4          1399CB00    0             0604303                   0                       0                       0                       0                       0             
LD 2018C66000002251910/07/2018101049AGR4111000000000098409/07/201809/07/201809/07/201801611649Rgl/Fact  26604304       C4          7064  00    0             0604304                   0                       0                       0                       0                       0             
LD 2018C66000002251910/07/2018101049RGL5311466000000098409/07/201809/07/201809/07/201801611649Rgl/Facture 26604304     D4          7064CB00    0             0604304                   0                       0                       0                       0                       0             
LD 2018C66000002251910/07/2018101049AGR4111000000000098409/07/201809/07/201809/07/201801611650Rgl/Fact  26604305       C4          6987  00    0             0604305                   0                       0                       0                       0                       0             
LD 2018C66000002251910/07/2018101049RGL5311466000000098409/07/201809/07/201809/07/201801611650Rgl/Facture 26604305     D4          6987CB00    0             0604305                   0                       0                       0                       0                       0             
LD 2018C66000002251910/07/2018101049AGR4111000000000098409/07/201809/07/201809/07/201801611651Rgl/Fact  26604306       C4          3327  00    0             0604306                   0                       0                       0                       0                       0             
LD 2018C66000002251910/07/2018101049RGL5311466000000098409/07/201809/07/201809/07/201801611651Rgl/Facture 26604306     D4          3327CB00    0             0604306                   0                       0                       0                       0                       0             
LD 2018C66000002251910/07/2018101049AGR4111000000000098409/07/201809/07/201809/07/201801611652Rgl/Fact  26604307       C4          1855  00    0             0604307                   0                       0                       0                       0                       0             
LD 2018C66000002251910/07/2018101049RGL5311466000000098409/07/201809/07/201809/07/201801611652Rgl/Facture 26604307     D4          1855CB00    0             0604307                   0                       0                       0                       0                       0             
LD 2018C66000002251910/07/2018101049AGR4111000000000098409/07/201809/07/201809/07/201801611653Rgl/Fact  26604308       C4          6397  00    0             0604308                   0                       0                       0                       0                       0             
LD 2018C66000002251910/07/2018101049RGL5311466000000098409/07/201809/07/201809/07/201801611653Rgl/Facture 26604308     D4          6397CB00    0             0604308                   0                       0                       0                       0                       0             
LD 2018C66000002251910/07/2018101049AGR4111000000000098409/07/201809/07/201809/07/201801611654Rgl/Fact  26604309       C4          9017  00    0             0604309                   0                       0                       0                       0                       0             
LD 2018C66000002251910/07/2018101049RGL5311466000000098409/07/201809/07/201809/07/201801611654Rgl/Facture 26604309     D4          9017CB00    0             0604309                   0                       0                       0                       0                       0             
LD 2018C66000002251910/07/2018101049AGR4111000000000098409/07/201809/07/201809/07/201801611655Rgl/Fact  26604310       C4          1339  00    0             0604310                   0                       0                       0                       0                       0             
LD 2018C66000002251910/07/2018101049RGL5311466000000098409/07/201809/07/201809/07/201801611655Rgl/Facture 26604310     D4          1339ES00    0             0604310                   0                       0                       0                       0                       0             
LD 2018C66000002251910/07/2018101049AGR4111000000000098409/07/201809/07/201809/07/201801611656Rgl/Fact  26604311       C4         10982  00    0             0604311                   0                       0                       0                       0                       0             
LD 2018C66000002251910/07/2018101049RGL5311466000000098409/07/201809/07/201809/07/201801611656Rgl/Facture 26604311     D4         10982CB00    0             0604311                   0                       0                       0                       0                       0             
LD 2018C66000002251910/07/2018101049AGR4111000000000098409/07/201809/07/201809/07/201801611657Rgl/Fact  26604312       C4          1606  00    0             0604312                   0                       0                       0                       0                       0             
LD 2018C66000002251910/07/2018101049RGL5311466000000098409/07/201809/07/201809/07/201801611657Rgl/Facture 26604312     D4          1606CB00    0             0604312                   0                       0                       0                       0                       0             
LD 2018C66000002251910/07/2018101049AGR4111000000000098409/07/201809/07/201809/07/201801611658Rgl/Fact  26604313       C4           516  00    0             0604313                   0                       0                       0                       0                       0             
LD 2018C66000002251910/07/2018101049RGL5311466000000098409/07/201809/07/201809/07/201801611658Rgl/Facture 26604313     D4           516ES00    0             0604313                   0                       0                       0                       0                       0             
LD 2018C66000002251910/07/2018101049AGR4111000000000098409/07/201809/07/201809/07/201801611659Rgl/Fact  26604314       C4           568  00    0             0604314                   0                       0                       0                       0                       0             
LD 2018C66000002251910/07/2018101049RGL5311466000000098409/07/201809/07/201809/07/201801611659Rgl/Facture 26604314     D4           568CB00    0             0604314                   0                       0                       0                       0                       0             
LD 2018C66000002251910/07/2018101049AGR4111000000000098409/07/201809/07/201809/07/201801611660Rgl/Fact  26604315       C4          1998  00    0             0604315                   0                       0                       0                       0                       0             
LD 2018C66000002251910/07/2018101049RGL5311466000000098409/07/201809/07/201809/07/201801611660Rgl/Facture 26604315     D4          1998CB00    0             0604315                   0                       0                       0                       0                       0             
LD 2018C66000002251910/07/2018101049AGR4111000000000098409/07/201809/07/201809/07/201801611661Rgl/Fact  26604316       C4          2751  00    0             0604316                   0                       0                       0                       0                       0             
LD 2018C66000002251910/07/2018101049RGL5311466000000098409/07/201809/07/201809/07/201801611661Rgl/Facture 26604316     D4          2751CB00    0             0604316                   0                       0                       0                       0                       0             
LD 2018C66000002251910/07/2018101049AGR4111000000000098409/07/201809/07/201809/07/201801611662Rgl/Fact  26604317       C4           912  00    0             0604317                   0                       0                       0                       0                       0             
LD 2018C66000002251910/07/2018101049RGL5311466000000098409/07/201809/07/201809/07/201801611662Rgl/Facture 26604317     D4           912ES00    0             0604317                   0                       0                       0                       0                       0             
LD 2018C66000002251910/07/2018101049AGR4111000000000098409/07/201809/07/201809/07/201801611663Rgl/Fact  26604318       C4          3023  00    0             0604318                   0                       0                       0                       0                       0             
LD 2018C66000002251910/07/2018101049RGL5311466000000098409/07/201809/07/201809/07/201801611663Rgl/Facture 26604318     D4          3023CB00    0             0604318                   0                       0                       0                       0                       0             
LD 2018C66000002251910/07/2018101049AGR4111000000000098409/07/201809/07/201809/07/201801611664Rgl/Fact  26604319       C4         19810  00    0             0604319                   0                       0                       0                       0                       0             
LD 2018C66000002251910/07/2018101049RGL5311466000000098409/07/201809/07/201809/07/201801611664Rgl/Facture 26604319     D4         18810CB00    0             0604319                   0                       0                       0                       0                       0             
LD 2018C66000002251910/07/2018101049RGL5311466000000098409/07/201809/07/201809/07/201801611664Rgl/Facture 26604319     D4          1000CR00    0             0604319                   0                       0                       0                       0                       0             
LD 2018C66000002251910/07/2018101050AGR4111000000000098409/07/201809/07/201809/07/201801611665Rgl/Fact  26604320       C4          1298  00    0             0604320                   0                       0                       0                       0                       0             
LD 2018C66000002251910/07/2018101050RGL5311466000000098409/07/201809/07/201809/07/201801611665Rgl/Facture 26604320     D4          1298CB00    0             0604320                   0                       0                       0                       0                       0             
LD 2018C66000002251910/07/2018101050AGR4111000000000098409/07/201809/07/201809/07/201801611666Rgl/Fact  26604321       C4          2759  00    0             0604321                   0                       0                       0                       0                       0             
LD 2018C66000002251910/07/2018101050RGL5311466000000098409/07/201809/07/201809/07/201801611666Rgl/Facture 26604321     D4          2759CB00    0             0604321                   0                       0                       0                       0                       0             
LD 2018C66000002251910/07/2018101050AGR4111000000000098409/07/201809/07/201809/07/201801611667Rgl/Fact  26604322       C4           300  00    0             0604322                   0                       0                       0                       0                       0             
LD 2018C66000002251910/07/2018101050RGL5311466000000098409/07/201809/07/201809/07/201801611667Rgl/Facture 26604322     D4           300ES00    0             0604322                   0                       0                       0                       0                       0             
LD 2018C66000002251910/07/2018101050AGR4111000000000098409/07/201809/07/201809/07/201801611668Rgl/Fact  26604323       C4          5949  00    0             0604323                   0                       0                       0                       0                       0             
LD 2018C66000002251910/07/2018101050RGL5311466000000098409/07/201809/07/201809/07/201801611668Rgl/Facture 26604323     D4          5949CB00    0             0604323                   0                       0                       0                       0                       0             
LD 2018C66000002251910/07/2018101050AGR4111000000000098409/07/201809/07/201809/07/201801611669Rgl/Fact  26604324       C4          1834  00    0             0604324                   0                       0                       0                       0                       0             
LD 2018C66000002251910/07/2018101050RGL5311466000000098409/07/201809/07/201809/07/201801611669Rgl/Facture 26604324     D4          1834ES00    0             0604324                   0                       0                       0                       0                       0             
LD 2018C66000002251910/07/2018101050AGR4111000000000098409/07/201809/07/201809/07/201801611670Rgl/Fact  26604325       C4           229  00    0             0604325                   0                       0                       0                       0                       0             
LD 2018C66000002251910/07/2018101050RGL5311466000000098409/07/201809/07/201809/07/201801611670Rgl/Facture 26604325     D4           229ES00    0             0604325                   0                       0                       0                       0                       0             
LD 2018C66000002251910/07/2018101050AGR4111000000000098409/07/201809/07/201809/07/201801611671Rgl/Fact  26604326       C4          1828  00    0             0604326                   0                       0                       0                       0                       0             
LD 2018C66000002251910/07/2018101050RGL5311466000000098409/07/201809/07/201809/07/201801611671Rgl/Facture 26604326     D4          1828CB00    0             0604326                   0                       0                       0                       0                       0             
LD 2018C66000002251910/07/2018101050AGR4111000000000098409/07/201809/07/201809/07/201801611672Rgl/Fact  26604327       C4           858  00    0             0604327                   0                       0                       0                       0                       0             
LD 2018C66000002251910/07/2018101050RGL5311466000000098409/07/201809/07/201809/07/201801611672Rgl/Facture 26604327     D4           858ES00    0             0604327                   0                       0                       0                       0                       0             
LD 2018C66000002251910/07/2018101050AGR4111000000000098409/07/201809/07/201809/07/201801611673Rgl/Fact  26604328       C4          2941  00    0             0604328                   0                       0                       0                       0                       0             
LD 2018C66000002251910/07/2018101050RGL5311466000000098409/07/201809/07/201809/07/201801611673Rgl/Facture 26604328     D4          2941CB00    0             0604328                   0                       0                       0                       0                       0             
LD 2018C66000002251910/07/2018101050AGR4111000000000098409/07/201809/07/201809/07/201801611674Rgl/Fact  26604329       C4          4526  00    0             0604329                   0                       0                       0                       0                       0             
LD 2018C66000002251910/07/2018101050RGL5311466000000098409/07/201809/07/201809/07/201801611674Rgl/Facture 26604329     D4          4526ES00    0             0604329                   0                       0                       0                       0                       0             
LD 2018C66000002251910/07/2018101050AGR4111000000000098409/07/201809/07/201809/07/201801611675Rgl/Fact  26604330       C4          2487  00    0             0604330                   0                       0                       0                       0                       0             
LD 2018C66000002251910/07/2018101050RGL5311466000000098409/07/201809/07/201809/07/201801611675Rgl/Facture 26604330     D4          2487ES00    0             0604330                   0                       0                       0                       0                       0             
LD 2018C66000002251910/07/2018101050AGR4111000000000098409/07/201809/07/201809/07/201801611676Rgl/Fact  26604331       C4          9635  00    0             0604331                   0                       0                       0                       0                       0             
LD 2018C66000002251910/07/2018101050RGL5311466000000098409/07/201809/07/201809/07/201801611676Rgl/Facture 26604331     D4          9635ES00    0             0604331                   0                       0                       0                       0                       0             
LD 2018C66000002251910/07/2018101050AGR4111000000000098409/07/201809/07/201809/07/201801611677Rgl/Fact  26604332       C4          8050  00    0             0604332                   0                       0                       0                       0                       0             
LD 2018C66000002251910/07/2018101050RGL5311466000000098409/07/201809/07/201809/07/201801611677Rgl/Facture 26604332     D4          8050CB00    0             0604332                   0                       0                       0                       0                       0             
LD 2018C66000002251910/07/2018101050AGR4111000000000098409/07/201809/07/201809/07/201801611678Rgl/Fact  26604333       C4          2780  00    0             0604333                   0                       0                       0                       0                       0             
LD 2018C66000002251910/07/2018101050RGL5311466000000098409/07/201809/07/201809/07/201801611678Rgl/Facture 26604333     D4          2780CB00    0             0604333                   0                       0                       0                       0                       0             
LD 2018C66000002251910/07/2018101050AGR4111000000000098409/07/201809/07/201809/07/201801611679Rgl/Fact  26604334       C4          1299  00    0             0604334                   0                       0                       0                       0                       0             
LD 2018C66000002251910/07/2018101050RGL5311466000000098409/07/201809/07/201809/07/201801611679Rgl/Facture 26604334     D4          1299ES00    0             0604334                   0                       0                       0                       0                       0             
LD 2018C66000002251910/07/2018101050AGR4111000000000098409/07/201809/07/201809/07/201801611680Rgl/Fact  26604335       C4          3249  00    0             0604335                   0                       0                       0                       0                       0             
LD 2018C66000002251910/07/2018101050RGL5311466000000098409/07/201809/07/201809/07/201801611680Rgl/Facture 26604335     D4          3249CB00    0             0604335                   0                       0                       0                       0                       0             
LD 2018C66000002251910/07/2018101050AGR4111000000000098409/07/201809/07/201809/07/201801611681Rgl/Fact  26604336       C4          3490  00    0             0604336                   0                       0                       0                       0                       0             
LD 2018C66000002251910/07/2018101050RGL5311466000000098409/07/201809/07/201809/07/201801611681Rgl/Facture 26604336     D4          3490CB00    0             0604336                   0                       0                       0                       0                       0             
LD 2018C66000002251910/07/2018101050AGR4111000000000098409/07/201809/07/201809/07/201801611682Rgl/Fact  26604337       C4           566  00    0             0604337                   0                       0                       0                       0                       0             
LD 2018C66000002251910/07/2018101050RGL5311466000000098409/07/201809/07/201809/07/201801611682Rgl/Facture 26604337     D4           566ES00    0             0604337                   0                       0                       0                       0                       0             
LD 2018C66000002251910/07/2018101050AGR4111000000000098409/07/201809/07/201809/07/201801611683Rgl/Fact  26604338       C4          3380  00    0             0604338                   0                       0                       0                       0                       0             
LD 2018C66000002251910/07/2018101050RGL5311466000000098409/07/201809/07/201809/07/201801611683Rgl/Facture 26604338     D4          3380CB00    0             0604338                   0                       0                       0                       0                       0             
LD 2018C66000002251910/07/2018101050AGR4111000000000098409/07/201809/07/201809/07/201801611684Rgl/Fact  26604339       C4          3189  00    0             0604339                   0                       0                       0                       0                       0             
LD 2018C66000002251910/07/2018101050RGL5311466000000098409/07/201809/07/201809/07/201801611684Rgl/Facture 26604339     D4          3189CB00    0             0604339                   0                       0                       0                       0                       0             
LD 2018C66000002251910/07/2018101050AGR4111000000000098409/07/201809/07/201809/07/201801611685Rgl/Fact  26604340       C4          2066  00    0             0604340                   0                       0                       0                       0                       0             
LD 2018C66000002251910/07/2018101050RGL5311466000000098409/07/201809/07/201809/07/201801611685Rgl/Facture 26604340     D4          2066ES00    0             0604340                   0                       0                       0                       0                       0             
LD 2018C66000002251910/07/2018101050AGR4111000000000098409/07/201809/07/201809/07/201801611686Rgl/Fact  26604341       C4          5051  00    0             0604341                   0                       0                       0                       0                       0             
LD 2018C66000002251910/07/2018101050RGL5311466000000098409/07/201809/07/201809/07/201801611686Rgl/Facture 26604341     D4          5051CB00    0             0604341                   0                       0                       0                       0                       0             
LD 2018C66000002251910/07/2018101050AGR4111000000000098409/07/201809/07/201809/07/201801611687Rgl/Fact  26604342       C4          5779  00    0             0604342                   0                       0                       0                       0                       0             
LD 2018C66000002251910/07/2018101050RGL5311466000000098409/07/201809/07/201809/07/201801611687Rgl/Facture 26604342     D4          5779ES00    0             0604342                   0                       0                       0                       0                       0             
LD 2018C66000002251910/07/2018101050AGR4111000000000098409/07/201809/07/201809/07/201801611688Rgl/Fact  26604343       C4          9687  00    0             0604343                   0                       0                       0                       0                       0             
LD 2018C66000002251910/07/2018101050RGL5311466000000098409/07/201809/07/201809/07/201801611688Rgl/Facture 26604343     D4          9687ES00    0             0604343                   0                       0                       0                       0                       0             
LD 2018C66000002251910/07/2018101050AGR4111000000000098409/07/201809/07/201809/07/201801611689Rgl/Fact  26604344       C4          2169  00    0             0604344                   0                       0                       0                       0                       0             
LD 2018C66000002251910/07/2018101050RGL5311466000000098409/07/201809/07/201809/07/201801611689Rgl/Facture 26604344     D4          2169ES00    0             0604344                   0                       0                       0                       0                       0             
LD 2018C66000002251910/07/2018101050AGR4111000000000098409/07/201809/07/201809/07/201801611690Rgl/Fact  26604345       C4          1197  00    0             0604345                   0                       0                       0                       0                       0             
LD 2018C66000002251910/07/2018101050RGL5311466000000098409/07/201809/07/201809/07/201801611690Rgl/Facture 26604345     D4          1197CB00    0             0604345                   0                       0                       0                       0                       0             
LD 2018C66000002251910/07/2018101050AGR4111000000000098409/07/201809/07/201809/07/201801611691Rgl/Fact  26604346       C4          5189  00    0             0604346                   0                       0                       0                       0                       0             
LD 2018C66000002251910/07/2018101050RGL5311466000000098409/07/201809/07/201809/07/201801611691Rgl/Facture 26604346     D4          5189CB00    0             0604346                   0                       0                       0                       0                       0             
LD 2018C66000002251910/07/2018101050AGR4111000000000098409/07/201809/07/201809/07/201801611692Rgl/Fact  26604347       C4         20048  00    0             0604347                   0                       0                       0                       0                       0             
LD 2018C66000002251910/07/2018101050RGL5311466000000098409/07/201809/07/201809/07/201801611692Rgl/Facture 26604347     D4         20048ES00    0             0604347                   0                       0                       0                       0                       0             
LD 2018C66000002251910/07/2018101050AGR4111000000000098409/07/201809/07/201809/07/201801611693Rgl/Fact  26604348       C4          1515  00    0             0604348                   0                       0                       0                       0                       0             
LD 2018C66000002251910/07/2018101050RGL5311466000000098409/07/201809/07/201809/07/201801611693Rgl/Facture 26604348     D4          1515CB00    0             0604348                   0                       0                       0                       0                       0             
LD 2018C66000002251910/07/2018101050AGR4111000000000098409/07/201809/07/201809/07/201801611694Rgl/Fact  26604349       C4          8861  00    0             0604349                   0                       0                       0                       0                       0             
LD 2018C66000002251910/07/2018101050RGL5311466000000098409/07/201809/07/201809/07/201801611694Rgl/Facture 26604349     D4          8861CB00    0             0604349                   0                       0                       0                       0                       0             
LD 2018C66000002251910/07/2018101050AGR4111000000000098409/07/201809/07/201809/07/201801611695Rgl/Fact  26604350       C4          2798  00    0             0604350                   0                       0                       0                       0                       0             
LD 2018C66000002251910/07/2018101050RGL5311466000000098409/07/201809/07/201809/07/201801611695Rgl/Facture 26604350     D4          2798CB00    0             0604350                   0                       0                       0                       0                       0             
LD 2018C66000002251910/07/2018101050AGR4111000000000098409/07/201809/07/201809/07/201801611696Rgl/Fact  26604351       C4           850  00    0             0604351                   0                       0                       0                       0                       0             
LD 2018C66000002251910/07/2018101050RGL5311466000000098409/07/201809/07/201809/07/201801611696Rgl/Facture 26604351     D4           850ES00    0             0604351                   0                       0                       0                       0                       0             
LD 2018C66000002251910/07/2018101050AGR4111000000000098409/07/201809/07/201809/07/201801611697Rgl/Fact  26604352       C4          2402  00    0             0604352                   0                       0                       0                       0                       0             
LD 2018C66000002251910/07/2018101050RGL5311466000000098409/07/201809/07/201809/07/201801611697Rgl/Facture 26604352     D4          2402CB00    0             0604352                   0                       0                       0                       0                       0             
LD 2018C66000002251910/07/2018101050AGR4111000000000098409/07/201809/07/201809/07/201801611698Rgl/Fact  26604353       C4          3394  00    0             0604353                   0                       0                       0                       0                       0             
LD 2018C66000002251910/07/2018101050RGL5311466000000098409/07/201809/07/201809/07/201801611698Rgl/Facture 26604353     D4          3394CB00    0             0604353                   0                       0                       0                       0                       0             
LD 2018C66000002251910/07/2018101050AGR4111000000000098409/07/201809/07/201809/07/201801611699Rgl/Fact  26604354       C4          1100  00    0             0604354                   0                       0                       0                       0                       0             
LD 2018C66000002251910/07/2018101050RGL5311466000000098409/07/201809/07/201809/07/201801611699Rgl/Facture 26604354     D4          1100CB00    0             0604354                   0                       0                       0                       0                       0             
LD 2018C66000002251910/07/2018101050AGR4111000000000098409/07/201809/07/201809/07/201801611700Rgl/Fact  26604355       C4          2229  00    0             0604355                   0                       0                       0                       0                       0             
LD 2018C66000002251910/07/2018101050RGL5311466000000098409/07/201809/07/201809/07/201801611700Rgl/Facture 26604355     D4          2229ES00    0             0604355                   0                       0                       0                       0                       0             
LD 2018C66000002251910/07/2018101050AGR4111000000000098409/07/201809/07/201809/07/201801611701Rgl/Fact  26604356       C4          2352  00    0             0604356                   0                       0                       0                       0                       0             
LD 2018C66000002251910/07/2018101050RGL5311466000000098409/07/201809/07/201809/07/201801611701Rgl/Facture 26604356     D4          2352ES00    0             0604356                   0                       0                       0                       0                       0             
LD 2018C66000002251910/07/2018101050AGR4111000000000098409/07/201809/07/201809/07/201801611702Rgl/Fact  26604357       C4          2398  00    0             0604357                   0                       0                       0                       0                       0             
LD 2018C66000002251910/07/2018101050RGL5311466000000098409/07/201809/07/201809/07/201801611702Rgl/Facture 26604357     D4          2398CB00    0             0604357                   0                       0                       0                       0                       0             
LD 2018C66000002251910/07/2018101050AGR4111000000000098409/07/201809/07/201809/07/201801611703Rgl/Fact  26604358       C4          1450  00    0             0604358                   0                       0                       0                       0                       0             
LD 2018C66000002251910/07/2018101050RGL5311466000000098409/07/201809/07/201809/07/201801611703Rgl/Facture 26604358     D4          1450CB00    0             0604358                   0                       0                       0                       0                       0             
LD 2018C66000002251910/07/2018101050AGR4111000000000098409/07/201809/07/201809/07/201801611705Rgl/Fact  26604360       C4           600  00    0             0604360                   0                       0                       0                       0                       0             
LD 2018C66000002251910/07/2018101050RGL5311466000000098409/07/201809/07/201809/07/201801611705Rgl/Facture 26604360     D4           600ES00    0             0604360                   0                       0                       0                       0                       0             
LD 2018C66000002251910/07/2018101050AGR4111000000000098409/07/201809/07/201809/07/201801611706Rgl/Fact  26604361       C4          1698  00    0             0604361                   0                       0                       0                       0                       0             
LD 2018C66000002251910/07/2018101050RGL5311466000000098409/07/201809/07/201809/07/201801611706Rgl/Facture 26604361     D4          1698ES00    0             0604361                   0                       0                       0                       0                       0             
LD 2018C66000002251910/07/2018101050AGR4111000000000098409/07/201809/07/201809/07/201801611707Rgl/Fact  26604362       C4          1968  00    0             0604362                   0                       0                       0                       0                       0             
LD 2018C66000002251910/07/2018101050RGL5311466000000098409/07/201809/07/201809/07/201801611707Rgl/Facture 26604362     D4          1968CB00    0             0604362                   0                       0                       0                       0                       0             
LD 2018C66000002251910/07/2018101050AGR4111000000000098409/07/201809/07/201809/07/201801611708Rgl/Fact  26604363       C4          2699  00    0             0604363                   0                       0                       0                       0                       0             
LD 2018C66000002251910/07/2018101050RGL5311466000000098409/07/201809/07/201809/07/201801611708Rgl/Facture 26604363     D4          2699CB00    0             0604363                   0                       0                       0                       0                       0             
LD 2018C66000002251910/07/2018101050AGR4111000000000098409/07/201809/07/201809/07/201801611709Rgl/Fact  26604364       C4           549  00    0             0604364                   0                       0                       0                       0                       0             
LD 2018C66000002251910/07/2018101050RGL5311466000000098409/07/201809/07/201809/07/201801611709Rgl/Facture 26604364     D4           549CB00    0             0604364                   0                       0                       0                       0                       0             
LD 2018C66000002251910/07/2018101050AGR4111000000000098409/07/201809/07/201809/07/201801611710Rgl/Fact  26604365       C4          4099  00    0             0604365                   0                       0                       0                       0                       0             
LD 2018C66000002251910/07/2018101050RGL5311466000000098409/07/201809/07/201809/07/201801611710Rgl/Facture 26604365     D4          4099CB00    0             0604365                   0                       0                       0                       0                       0             
LD 2018C66000002251910/07/2018101050AGR4111000000000098409/07/201809/07/201809/07/201801611711Rgl/Fact  26604366       C4          3005  00    0             0604366                   0                       0                       0                       0                       0             
LD 2018C66000002251910/07/2018101050RGL5311466000000098409/07/201809/07/201809/07/201801611711Rgl/Facture 26604366     D4          3005CH00    0             0604366                   0                       0                       0                       0                       0             
LD 2018C66000002251910/07/2018101050AGR4111000000000098409/07/201809/07/201809/07/201801611712Rgl/Fact  26604367       C4          8744  00    0             0604367                   0                       0                       0                       0                       0             
LD 2018C66000002251910/07/2018101050RGL5311466000000098409/07/201809/07/201809/07/201801611712Rgl/Facture 26604367     D4          8744CB00    0             0604367                   0                       0                       0                       0                       0             
LD 2018C66000002251910/07/2018101050AGR4111000000000098409/07/201809/07/201809/07/201801611713Rgl/Fact  26604368       C4          1393  00    0             0604368                   0                       0                       0                       0                       0             
LD 2018C66000002251910/07/2018101050RGL5311466000000098409/07/201809/07/201809/07/201801611713Rgl/Facture 26604368     D4          1393ES00    0             0604368                   0                       0                       0                       0                       0             
LD 2018C66000002251910/07/2018101050AGR4111000000000098409/07/201809/07/201809/07/201801611714Rgl/Fact  26604369       C4         17989  00    0             0604369                   0                       0                       0                       0                       0             
LD 2018C66000002251910/07/2018101050RGL5311466000000098409/07/201809/07/201809/07/201801611714Rgl/Facture 26604369     D4         17989CB00    0             0604369                   0                       0                       0                       0                       0             
LD 2018C66000002251910/07/2018101050AGR4111000000000098409/07/201809/07/201809/07/201801611715Rgl/Fact  26604370       C4           829  00    0             0604370                   0                       0                       0                       0                       0             
LD 2018C66000002251910/07/2018101050RGL5311466000000098409/07/201809/07/201809/07/201801611715Rgl/Facture 26604370     D4           829ES00    0             0604370                   0                       0                       0                       0                       0             
LD 2018C66000002251910/07/2018101050AGR4111000000000098409/07/201809/07/201809/07/201801611716Rgl/Fact  26604371       C4         10427  00    0             0604371                   0                       0                       0                       0                       0             
LD 2018C66000002251910/07/2018101050RGL5311466000000098409/07/201809/07/201809/07/201801611716Rgl/Facture 26604371     D4         10427CB00    0             0604371                   0                       0                       0                       0                       0             
LD 2018C66000002251910/07/2018101050AGR4111000000000098409/07/201809/07/201809/07/201801611717Rgl/Fact  26604372       C4           949  00    0             0604372                   0                       0                       0                       0                       0             
LD 2018C66000002251910/07/2018101050RGL5311466000000098409/07/201809/07/201809/07/201801611717Rgl/Facture 26604372     D4           949ES00    0             0604372                   0                       0                       0                       0                       0             
LD 2018C66000002251910/07/2018101051AGR4111000000000098409/07/201809/07/201809/07/201801611718Rgl/Fact  26604373       C4          3709  00    0             0604373                   0                       0                       0                       0                       0             
LD 2018C66000002251910/07/2018101051RGL5311466000000098409/07/201809/07/201809/07/201801611718Rgl/Facture 26604373     D4          3709CB00    0             0604373                   0                       0                       0                       0                       0             
LD 2018C66000002251910/07/2018101051AGR4111000000000098409/07/201809/07/201809/07/201801611719Rgl/Fact  26604374       C4          5779  00    0             0604374                   0                       0                       0                       0                       0             
LD 2018C66000002251910/07/2018101051RGL5311466000000098409/07/201809/07/201809/07/201801611719Rgl/Facture 26604374     D4          5779ES00    0             0604374                   0                       0                       0                       0                       0             
LD 2018C66000002251910/07/2018101051AGR4111000000000098409/07/201809/07/201809/07/201801611720Rgl/Fact  26604375       C4         23123  00    0             0604375                   0                       0                       0                       0                       0             
LD 2018C66000002251910/07/2018101051RGL5311466000000098409/07/201809/07/201809/07/201801611720Rgl/Facture 26604375     D4         23123CB00    0             0604375                   0                       0                       0                       0                       0             
LD 2018C66000002251910/07/2018101051AGR4111000000000098409/07/201809/07/201809/07/201801611721Rgl/Fact  26604376       C4           729  00    0             0604376                   0                       0                       0                       0                       0             
LD 2018C66000002251910/07/2018101051RGL5311466000000098409/07/201809/07/201809/07/201801611721Rgl/Facture 26604376     D4           729CB00    0             0604376                   0                       0                       0                       0                       0             
LD 2018C66000002251910/07/2018101051AGR4111000000000098409/07/201809/07/201809/07/201801611722Rgl/Fact  26604377       C4          9838  00    0             0604377                   0                       0                       0                       0                       0             
LD 2018C66000002251910/07/2018101051RGL5311466000000098409/07/201809/07/201809/07/201801611722Rgl/Facture 26604377     D4          8838CB00    0             0604377                   0                       0                       0                       0                       0             
LD 2018C66000002251910/07/2018101051RGL5311466000000098409/07/201809/07/201809/07/201801611722Rgl/Facture 26604377     D4          1000SC00    0             0604377                   0                       0                       0                       0                       0             
LD 2018C66000002251910/07/2018101051AGR4111000000000098409/07/201809/07/201809/07/201801611723Rgl/Fact  26604378       C4          1216  00    0             0604378                   0                       0                       0                       0                       0             
LD 2018C66000002251910/07/2018101051RGL5311466000000098409/07/201809/07/201809/07/201801611723Rgl/Facture 26604378     D4          1216ES00    0             0604378                   0                       0                       0                       0                       0             
LD 2018C66000002251910/07/2018101051AGR4111000000000098409/07/201809/07/201809/07/201801611724Rgl/Fact  26604379       C4          3933  00    0             0604379                   0                       0                       0                       0                       0             
LD 2018C66000002251910/07/2018101051RGL5311466000000098409/07/201809/07/201809/07/201801611724Rgl/Facture 26604379     D4          3933CB00    0             0604379                   0                       0                       0                       0                       0             
LD 2018C66000002251910/07/2018101051AGR4111000000000098409/07/201809/07/201809/07/201801611725Rgl/Fact  26604380       C4          7274  00    0             0604380                   0                       0                       0                       0                       0             
LD 2018C66000002251910/07/2018101051RGL5311466000000098409/07/201809/07/201809/07/201801611725Rgl/Facture 26604380     D4          7274CB00    0             0604380                   0                       0                       0                       0                       0             
LD 2018C66000002251910/07/2018101051AGR4111000000000098409/07/201809/07/201809/07/201801611726Rgl/Fact  26604381       C4          5663  00    0             0604381                   0                       0                       0                       0                       0             
LD 2018C66000002251910/07/2018101051RGL5311466000000098409/07/201809/07/201809/07/201801611726Rgl/Facture 26604381     D4          5663CB00    0             0604381                   0                       0                       0                       0                       0             
LD 2018C66000002251910/07/2018101051AGR4111000000000098409/07/201809/07/201809/07/201801611727Rgl/Fact  26604382       C4          1599  00    0             0604382                   0                       0                       0                       0                       0             
LD 2018C66000002251910/07/2018101051RGL4197000000000098409/07/201809/07/201809/07/201801611727Rgl/Facture 26603668 AVOID4          1599AV00    0             0604382                   0                       0                       0                       0                       0             
LD 2018C66000002251910/07/2018101051AGR4111000000000098409/07/201809/07/201809/07/201801611728Rgl/Fact  26604383       C4          1599  00    0             0604383                   0                       0                       0                       0                       0             
LD 2018C66000002251910/07/2018101051RGL5311466000000098409/07/201809/07/201809/07/201801611728Rgl/Facture 26604383     D4          1599ES00    0             0604383                   0                       0                       0                       0                       0             
LD 2018C66000002251910/07/2018101051AGR4111000000000098409/07/201809/07/201809/07/201801611729Rgl/Fact  26604384       C4          1746  00    0             0604384                   0                       0                       0                       0                       0             
LD 2018C66000002251910/07/2018101051RGL5311466000000098409/07/201809/07/201809/07/201801611729Rgl/Facture 26604384     D4          1746ES00    0             0604384                   0                       0                       0                       0                       0             
LD 2018C66000002251910/07/2018101051AGR4111000000000098409/07/201809/07/201809/07/201801611730Rgl/Fact  26604385       C4          2024  00    0             0604385                   0                       0                       0                       0                       0             
LD 2018C66000002251910/07/2018101051RGL5311466000000098409/07/201809/07/201809/07/201801611730Rgl/Facture 26604385     D4          2024CB00    0             0604385                   0                       0                       0                       0                       0             
LD 2018C66000002251910/07/2018101051AGR4111000000000098409/07/201809/07/201809/07/201801611731Rgl/Fact  26604386       C4           899  00    0             0604386                   0                       0                       0                       0                       0             
LD 2018C66000002251910/07/2018101051RGL5311466000000098409/07/201809/07/201809/07/201801611731Rgl/Facture 26604386     D4           899CB00    0             0604386                   0                       0                       0                       0                       0             
LD 2018C66000002251910/07/2018101051AGR4111000000000098409/07/201809/07/201809/07/201801611732Rgl/Fact  26604387       C4          2755  00    0             0604387                   0                       0                       0                       0                       0             
LD 2018C66000002251910/07/2018101051RGL5311466000000098409/07/201809/07/201809/07/201801611732Rgl/Facture 26604387     D4          2755ES00    0             0604387                   0                       0                       0                       0                       0             
LD 2018C66000002251910/07/2018101051AGR4111000000000098409/07/201809/07/201809/07/201801611733Rgl/Fact  26604388       C4          7561  00    0             0604388                   0                       0                       0                       0                       0             
LD 2018C66000002251910/07/2018101051RGL5311466000000098409/07/201809/07/201809/07/201801611733Rgl/Facture 26604388     D4          7561CB00    0             0604388                   0                       0                       0                       0                       0             
LD 2018C66000002251910/07/2018101051AGR4111000000000098409/07/201809/07/201809/07/201801611734Rgl/Fact  26604389       C4          6148  00    0             0604389                   0                       0                       0                       0                       0             
LD 2018C66000002251910/07/2018101051RGL5311466000000098409/07/201809/07/201809/07/201801611734Rgl/Facture 26604389     D4          6148CB00    0             0604389                   0                       0                       0                       0                       0             
LD 2018C66000002251910/07/2018101051AGR4111000000000098409/07/201809/07/201809/07/201801611735Rgl/Fact  26604390       C4          4798  00    0             0604390                   0                       0                       0                       0                       0             
LD 2018C66000002251910/07/2018101051RGL5311466000000098409/07/201809/07/201809/07/201801611735Rgl/Facture 26604390     D4          4798CB00    0             0604390                   0                       0                       0                       0                       0             
LD 2018C66000002251910/07/2018101051AGR4111000000000098409/07/201809/07/201809/07/201801611736Rgl/Fact  26604391       C4          3727  00    0             0604391                   0                       0                       0                       0                       0             
LD 2018C66000002251910/07/2018101051RGL5311466000000098409/07/201809/07/201809/07/201801611736Rgl/Facture 26604391     D4          3727CB00    0             0604391                   0                       0                       0                       0                       0             
LD 2018C66000002251910/07/2018101051AGR4111000000000098409/07/201809/07/201809/07/201801611737Rgl/Fact  26604392       C4         11837  00    0             0604392                   0                       0                       0                       0                       0             
LD 2018C66000002251910/07/2018101051RGL5311466000000098409/07/201809/07/201809/07/201801611737Rgl/Facture 26604392     D4         11837CB00    0             0604392                   0                       0                       0                       0                       0             
LD 2018C66000002251910/07/2018101051AGR4111000000000098409/07/201809/07/201809/07/201801611738Rgl/Fact  26604393       C4           444  00    0             0604393                   0                       0                       0                       0                       0             
LD 2018C66000002251910/07/2018101051RGL5311466000000098409/07/201809/07/201809/07/201801611738Rgl/Facture 26604393     D4           444ES00    0             0604393                   0                       0                       0                       0                       0             
LD 2018C66000002251910/07/2018101051AGR4111000000000098409/07/201809/07/201809/07/201801611739Rgl/Fact  26604394       C4         18669  00    0             0604394                   0                       0                       0                       0                       0             
LD 2018C66000002251910/07/2018101051RGL5311466000000098409/07/201809/07/201809/07/201801611739Rgl/Facture 26604394     D4         18669CB00    0             0604394                   0                       0                       0                       0                       0             
LD 2018C66000002251910/07/2018101051AGR4111000000000098409/07/201809/07/201809/07/201801611740Rgl/Fact  26604395       C4          2364  00    0             0604395                   0                       0                       0                       0                       0             
LD 2018C66000002251910/07/2018101051RGL5311466000000098409/07/201809/07/201809/07/201801611740Rgl/Facture 26604395     D4          2364CB00    0             0604395                   0                       0                       0                       0                       0             
LD 2018C66000002251910/07/2018101051AGR4111000000000098409/07/201809/07/201809/07/201801611741Rgl/Fact  26604396       C4          5824  00    0             0604396                   0                       0                       0                       0                       0             
LD 2018C66000002251910/07/2018101051RGL5311466000000098409/07/201809/07/201809/07/201801611741Rgl/Facture 26604396     D4          5824CB00    0             0604396                   0                       0                       0                       0                       0             
LD 2018C66000002251910/07/2018101051AGR4111000000000098409/07/201809/07/201809/07/201801611742Rgl/Fact  26604397       C4          1390  00    0             0604397                   0                       0                       0                       0                       0             
LD 2018C66000002251910/07/2018101051RGL5311466000000098409/07/201809/07/201809/07/201801611742Rgl/Facture 26604397     D4          1390ES00    0             0604397                   0                       0                       0                       0                       0             
LD 2018C66000002251910/07/2018101051AGR4111000000000098409/07/201809/07/201809/07/201801611743Rgl/Fact  26604398       C4          4024  00    0             0604398                   0                       0                       0                       0                       0             
LD 2018C66000002251910/07/2018101051RGL5311466000000098409/07/201809/07/201809/07/201801611743Rgl/Facture 26604398     D4          4024CB00    0             0604398                   0                       0                       0                       0                       0             
LD 2018C66000002251910/07/2018101051AGR4111000000000098409/07/201809/07/201809/07/201801611744Rgl/Fact  26604399       C4          1450  00    0             0604399                   0                       0                       0                       0                       0             
LD 2018C66000002251910/07/2018101051RGL5311466000000098409/07/201809/07/201809/07/201801611744Rgl/Facture 26604399     D4          1450ES00    0             0604399                   0                       0                       0                       0                       0             
LD 2018C66000002251910/07/2018101051AGR4111000000000098409/07/201809/07/201809/07/201801611745Rgl/Fact  26604400       C4         17315  00    0             0604400                   0                       0                       0                       0                       0             
LD 2018C66000002251910/07/2018101051RGL5311466000000098409/07/201809/07/201809/07/201801611745Rgl/Facture 26604400     D4         17315CB00    0             0604400                   0                       0                       0                       0                       0             
LD 2018C66000002251910/07/2018101051AGR4111000000000098409/07/201809/07/201809/07/201801611746Rgl/Fact  26604401       C4          3735  00    0             0604401                   0                       0                       0                       0                       0             
LD 2018C66000002251910/07/2018101051RGL5311466000000098409/07/201809/07/201809/07/201801611746Rgl/Facture 26604401     D4          3735CB00    0             0604401                   0                       0                       0                       0                       0             
LD 2018C66000002251910/07/2018101051AGR4111000000000098409/07/201809/07/201809/07/201801611748Rgl/Fact  26604403       C4          1858  00    0             0604403                   0                       0                       0                       0                       0             
LD 2018C66000002251910/07/2018101051RGL5311466000000098409/07/201809/07/201809/07/201801611748Rgl/Facture 26604403     D4          1858ES00    0             0604403                   0                       0                       0                       0                       0             
LD 2018C66000002251910/07/2018101051AGR4111000000000098409/07/201809/07/201809/07/201801611749Rgl/Fact  26604404       C4          2184  00    0             0604404                   0                       0                       0                       0                       0             
LD 2018C66000002251910/07/2018101051RGL5311466000000098409/07/201809/07/201809/07/201801611749Rgl/Facture 26604404     D4          2184CB00    0             0604404                   0                       0                       0                       0                       0             
LD 2018C66000002251910/07/2018101051AGR4111000000000098409/07/201809/07/201809/07/201801611750Rgl/Fact  26604405       C4           349  00    0             0604405                   0                       0                       0                       0                       0             
LD 2018C66000002251910/07/2018101051RGL5311466000000098409/07/201809/07/201809/07/201801611750Rgl/Facture 26604405     D4           349ES00    0             0604405                   0                       0                       0                       0                       0             
LD 2018C66000002251910/07/2018101052AGR4111000000000098409/07/201809/07/201809/07/201801611751Rgl/Fact  26604406       C4          1937  00    0             0604406                   0                       0                       0                       0                       0             
LD 2018C66000002251910/07/2018101052RGL5311466000000098409/07/201809/07/201809/07/201801611751Rgl/Facture 26604406     D4          1937CB00    0             0604406                   0                       0                       0                       0                       0             
LD 2018C66000002251910/07/2018101052AGR4111000002210113909/07/201809/07/201809/07/201801611704Rgl/Fact  26604359       C4          8133  00    0             0604359                   0                       0                       0                       0                       0             
LD 2018C66000002251910/07/2018101052RGL5311466002210113909/07/201809/07/201809/07/201801611704Rgl/Facture 26604359     D4          8133CB00    0             0604359                   0                       0                       0                       0                       0             
LD 2018C66000002251910/07/2018101052AGR4111000002210121609/07/201809/07/201809/07/201801611747Rgl/Fact  26604402       C4          1231  00    0             0604402                   0                       0                       0                       0                       0             
LD 2018C66000002251910/07/2018101052RGL5311466002210121609/07/201809/07/201809/07/201801611747Rgl/Facture 26604402     D4          1231CB00    0             0604402                   0                       0                       0                       0                       0             
LD 2018C66000002251910/07/2018101052AGR5840000000000098409/07/201809/07/201809/07/201801611753Remise CR                D4          1000  00    0             0000000                   0                       0                       0                       0                       0             
LD 2018C66000002251910/07/2018101052RGL531146600        09/07/201809/07/201809/07/201801611753Remise CR                C4          1000CR00    0             0000000                   0                       0                       0                       0                       0             
LD 2018C66000002251910/07/2018101052AGR5850000000000098409/07/201809/07/201809/07/201801611754Remise SC                D4          1000  00    0             0000000                   0                       0                       0                       0                       0             
LD 2018C66000002251910/07/2018101052RGL531146600        09/07/201809/07/201809/07/201801611754Remise SC                C4          1000SC00    0             0000000                   0                       0                       0                       0                       0             
LD 2018C66000002251910/07/2018101052RGL5820000000000098409/07/201809/07/201809/07/201801611756466/Remise CH  258764    D4          6953CH00    0             0258764                   0                       0                       0                       0                       0             
LD 2018C66000002251910/07/2018101052RGL531146600        09/07/201809/07/201809/07/201801611756466/Remise CH  258764    C4          6953CH00    0             0258764                   0                       0                       0                       0                       0             
LD 2018C66000002251910/07/2018101052RGL5830000000000098409/07/201809/07/201809/07/201801611757466/Remise CB            D4        440082CB00    0             0000000                   0                       0                       0                       0                       0             
LD 2018C66000002251910/07/2018101052RGL531146600        09/07/201809/07/201809/07/201801611757466/Remise CB            C4        440082CB00    0             0000000                   0                       0                       0                       0                       0             
LD 2018C66000002251910/07/2018101052RGL5810000000000098409/07/201809/07/201809/07/201801611760466/Remise ES            D4        130000ES00    0             0000000                   0                       0                       0                       0                       0             
LD 2018C66000002251910/07/2018101052RGL531146600        09/07/201809/07/201809/07/201801611760466/Remise ES            C4        130000ES00    0             0000000                   0                       0                       0                       0                       0             
