LD 2018C54000002251110/07/2018101019AGR4111000000000098109/07/201809/07/201809/07/201801471077Rgl/Fact  25463228       C4          2128  00    0             0463228                   0                       0                       0                       0                       0             
LD 2018C54000002251110/07/2018101019RGL5311454000000098109/07/201809/07/201809/07/201801471077Rgl/Facture 25463228     D4          2128ES00    0             0463228                   0                       0                       0                       0                       0             
LD 2018C54000002251110/07/2018101019AGR4111000000000098109/07/201809/07/201809/07/201801471078Rgl/Fact  25463229       C4          1180  00    0             0463229                   0                       0                       0                       0                       0             
LD 2018C54000002251110/07/2018101019RGL5311454000000098109/07/201809/07/201809/07/201801471078Rgl/Facture 25463229     D4          1180CB00    0             0463229                   0                       0                       0                       0                       0             
LD 2018C54000002251110/07/2018101019AGR4111000000000098109/07/201809/07/201809/07/201801471079Rgl/Fact  25463230       C4           798  00    0             0463230                   0                       0                       0                       0                       0             
LD 2018C54000002251110/07/2018101019RGL5311454000000098109/07/201809/07/201809/07/201801471079Rgl/Facture 25463230     D4           798ES00    0             0463230                   0                       0                       0                       0                       0             
LD 2018C54000002251110/07/2018101019AGR4111000000000098109/07/201809/07/201809/07/201801471080Rgl/Fact  25463231       C4          3398  00    0             0463231                   0                       0                       0                       0                       0             
LD 2018C54000002251110/07/2018101019RGL5311454000000098109/07/201809/07/201809/07/201801471080Rgl/Facture 25463231     D4          3398ES00    0             0463231                   0                       0                       0                       0                       0             
LD 2018C54000002251110/07/2018101019AGR4111000000000098109/07/201809/07/201809/07/201801471081Rgl/Fact  25463232       C4          3999  00    0             0463232                   0                       0                       0                       0                       0             
LD 2018C54000002251110/07/2018101019RGL5311454000000098109/07/201809/07/201809/07/201801471081Rgl/Facture 25463232     D4          3999ES00    0             0463232                   0                       0                       0                       0                       0             
LD 2018C54000002251110/07/2018101019AGR4111000000000098109/07/201809/07/201809/07/201801471082Rgl/Fact  25463233       C4          1678  00    0             0463233                   0                       0                       0                       0                       0             
LD 2018C54000002251110/07/2018101019RGL5311454000000098109/07/201809/07/201809/07/201801471082Rgl/Facture 25463233     D4          1678CB00    0             0463233                   0                       0                       0                       0                       0             
LD 2018C54000002251110/07/2018101019AGR4111000000000098109/07/201809/07/201809/07/201801471083Rgl/Fact  25463234       C4          4988  00    0             0463234                   0                       0                       0                       0                       0             
LD 2018C54000002251110/07/2018101019RGL5311454000000098109/07/201809/07/201809/07/201801471083Rgl/Facture 25463234     D4          4988CB00    0             0463234                   0                       0                       0                       0                       0             
LD 2018C54000002251110/07/2018101019AGR4111000000000098109/07/201809/07/201809/07/201801471084Rgl/Fact  25463235       C4          3796  00    0             0463235                   0                       0                       0                       0                       0             
LD 2018C54000002251110/07/2018101019RGL5311454000000098109/07/201809/07/201809/07/201801471084Rgl/Facture 25463235     D4          3796CB00    0             0463235                   0                       0                       0                       0                       0             
LD 2018C54000002251110/07/2018101019AGR4111000000000098109/07/201809/07/201809/07/201801471085Rgl/Fact  25463236       C4          5548  00    0             0463236                   0                       0                       0                       0                       0             
LD 2018C54000002251110/07/2018101019RGL5311454000000098109/07/201809/07/201809/07/201801471085Rgl/Facture 25463236     D4          5548ES00    0             0463236                   0                       0                       0                       0                       0             
LD 2018C54000002251110/07/2018101019AGR4111000000000098109/07/201809/07/201809/07/201801471086Rgl/Fact  25463237       C4          1777  00    0             0463237                   0                       0                       0                       0                       0             
LD 2018C54000002251110/07/2018101019RGL5311454000000098109/07/201809/07/201809/07/201801471086Rgl/Facture 25463237     D4          1777CB00    0             0463237                   0                       0                       0                       0                       0             
LD 2018C54000002251110/07/2018101019AGR4111000000000098109/07/201809/07/201809/07/201801471087Rgl/Fact  25463238       C4          4796  00    0             0463238                   0                       0                       0                       0                       0             
LD 2018C54000002251110/07/2018101019RGL5311454000000098109/07/201809/07/201809/07/201801471087Rgl/Facture 25463238     D4          4796CB00    0             0463238                   0                       0                       0                       0                       0             
LD 2018C54000002251110/07/2018101019AGR4111000000000098109/07/201809/07/201809/07/201801471088Rgl/Fact  25463239       C4          1190  00    0             0463239                   0                       0                       0                       0                       0             
LD 2018C54000002251110/07/2018101019RGL5311454000000098109/07/201809/07/201809/07/201801471088Rgl/Facture 25463239     D4          1190CB00    0             0463239                   0                       0                       0                       0                       0             
LD 2018C54000002251110/07/2018101019AGR4111000000000098109/07/201809/07/201809/07/201801471089Rgl/Fact  25463240       C4           599  00    0             0463240                   0                       0                       0                       0                       0             
LD 2018C54000002251110/07/2018101019RGL5311454000000098109/07/201809/07/201809/07/201801471089Rgl/Facture 25463240     D4           599CB00    0             0463240                   0                       0                       0                       0                       0             
LD 2018C54000002251110/07/2018101019AGR4111000000000098109/07/201809/07/201809/07/201801471090Rgl/Fact  25463241       C4           299  00    0             0463241                   0                       0                       0                       0                       0             
LD 2018C54000002251110/07/2018101019RGL5311454000000098109/07/201809/07/201809/07/201801471090Rgl/Facture 25463241     D4           299ES00    0             0463241                   0                       0                       0                       0                       0             
LD 2018C54000002251110/07/2018101019AGR4111000000000098109/07/201809/07/201809/07/201801471091Rgl/Fact  25463242       C4          2499  00    0             0463242                   0                       0                       0                       0                       0             
LD 2018C54000002251110/07/2018101019RGL5311454000000098109/07/201809/07/201809/07/201801471091Rgl/Facture 25463242     D4          2499ES00    0             0463242                   0                       0                       0                       0                       0             
LD 2018C54000002251110/07/2018101019AGR4111000000000098109/07/201809/07/201809/07/201801471092Rgl/Fact  25463243       C4          1999  00    0             0463243                   0                       0                       0                       0                       0             
LD 2018C54000002251110/07/2018101019RGL5311454000000098109/07/201809/07/201809/07/201801471092Rgl/Facture 25463243     D4          1999CB00    0             0463243                   0                       0                       0                       0                       0             
LD 2018C54000002251110/07/2018101019AGR4111000000000098109/07/201809/07/201809/07/201801471093Rgl/Fact  25463244       C4          5980  00    0             0463244                   0                       0                       0                       0                       0             
LD 2018C54000002251110/07/2018101019RGL5311454000000098109/07/201809/07/201809/07/201801471093Rgl/Facture 25463244     D4          5980CB00    0             0463244                   0                       0                       0                       0                       0             
LD 2018C54000002251110/07/2018101019AGR4111000000000098109/07/201809/07/201809/07/201801471094Rgl/Fact  25463245       C4          1549  00    0             0463245                   0                       0                       0                       0                       0             
LD 2018C54000002251110/07/2018101019RGL5311454000000098109/07/201809/07/201809/07/201801471094Rgl/Facture 25463245     D4          1549CB00    0             0463245                   0                       0                       0                       0                       0             
LD 2018C54000002251110/07/2018101019AGR4111000000000098109/07/201809/07/201809/07/201801471095Rgl/Fact  25463246       C4          2271  00    0             0463246                   0                       0                       0                       0                       0             
LD 2018C54000002251110/07/2018101019RGL5311454000000098109/07/201809/07/201809/07/201801471095Rgl/Facture 25463246     D4          2271CB00    0             0463246                   0                       0                       0                       0                       0             
LD 2018C54000002251110/07/2018101019AGR4111000000000098109/07/201809/07/201809/07/201801471096Rgl/Fact  25463247       C4           149  00    0             0463247                   0                       0                       0                       0                       0             
LD 2018C54000002251110/07/2018101019RGL5311454000000098109/07/201809/07/201809/07/201801471096Rgl/Facture 25463247     D4           149ES00    0             0463247                   0                       0                       0                       0                       0             
LD 2018C54000002251110/07/2018101019AGR4111000000000098109/07/201809/07/201809/07/201801471097Rgl/Fact  25463248       C4          3808  00    0             0463248                   0                       0                       0                       0                       0             
LD 2018C54000002251110/07/2018101019RGL5311454000000098109/07/201809/07/201809/07/201801471097Rgl/Facture 25463248     D4          3808CB00    0             0463248                   0                       0                       0                       0                       0             
LD 2018C54000002251110/07/2018101019AGR4111000000000098109/07/201809/07/201809/07/201801471098Rgl/Fact  25463249       C4          4197  00    0             0463249                   0                       0                       0                       0                       0             
LD 2018C54000002251110/07/2018101019RGL5311454000000098109/07/201809/07/201809/07/201801471098Rgl/Facture 25463249     D4          4197CB00    0             0463249                   0                       0                       0                       0                       0             
LD 2018C54000002251110/07/2018101019AGR4111000000000098109/07/201809/07/201809/07/201801471099Rgl/Fact  25463250       C4          3498  00    0             0463250                   0                       0                       0                       0                       0             
LD 2018C54000002251110/07/2018101019RGL5311454000000098109/07/201809/07/201809/07/201801471099Rgl/Facture 25463250     D4          3498CB00    0             0463250                   0                       0                       0                       0                       0             
LD 2018C54000002251110/07/2018101019AGR4111000000000098109/07/201809/07/201809/07/201801471100Rgl/Fact  25463251       C4          5299  00    0             0463251                   0                       0                       0                       0                       0             
LD 2018C54000002251110/07/2018101019RGL5311454000000098109/07/201809/07/201809/07/201801471100Rgl/Facture 25463251     D4          5299CB00    0             0463251                   0                       0                       0                       0                       0             
LD 2018C54000002251110/07/2018101019AGR4111000000000098109/07/201809/07/201809/07/201801471101Rgl/Fact  25463252       C4           125  00    0             0463252                   0                       0                       0                       0                       0             
LD 2018C54000002251110/07/2018101019RGL5311454000000098109/07/201809/07/201809/07/201801471101Rgl/Facture 25463252     D4           125ES00    0             0463252                   0                       0                       0                       0                       0             
LD 2018C54000002251110/07/2018101019AGR4111000000000098109/07/201809/07/201809/07/201801471102Rgl/Fact  25463253       C4          1309  00    0             0463253                   0                       0                       0                       0                       0             
LD 2018C54000002251110/07/2018101019RGL5311454000000098109/07/201809/07/201809/07/201801471102Rgl/Facture 25463253     D4          1309CB00    0             0463253                   0                       0                       0                       0                       0             
LD 2018C54000002251110/07/2018101019AGR4111000000000098109/07/201809/07/201809/07/201801471103Rgl/Fact  25463254       C4          2698  00    0             0463254                   0                       0                       0                       0                       0             
LD 2018C54000002251110/07/2018101019RGL5311454000000098109/07/201809/07/201809/07/201801471103Rgl/Facture 25463254     D4          2698CB00    0             0463254                   0                       0                       0                       0                       0             
LD 2018C54000002251110/07/2018101019AGR4111000000000098109/07/201809/07/201809/07/201801471104Rgl/Fact  25463255       C4          5991  00    0             0463255                   0                       0                       0                       0                       0             
LD 2018C54000002251110/07/2018101019RGL5311454000000098109/07/201809/07/201809/07/201801471104Rgl/Facture 25463255     D4          5991CB00    0             0463255                   0                       0                       0                       0                       0             
LD 2018C54000002251110/07/2018101019AGR4111000000000098109/07/201809/07/201809/07/201801471105Rgl/Fact  25463256       C4           199  00    0             0463256                   0                       0                       0                       0                       0             
LD 2018C54000002251110/07/2018101019RGL5311454000000098109/07/201809/07/201809/07/201801471105Rgl/Facture 25463256     D4           199ES00    0             0463256                   0                       0                       0                       0                       0             
LD 2018C54000002251110/07/2018101019AGR4111000000000098109/07/201809/07/201809/07/201801471106Rgl/Fact  25463257       C4          1299  00    0             0463257                   0                       0                       0                       0                       0             
LD 2018C54000002251110/07/2018101019RGL5311454000000098109/07/201809/07/201809/07/201801471106Rgl/Facture 25463257     D4          1299ES00    0             0463257                   0                       0                       0                       0                       0             
LD 2018C54000002251110/07/2018101019AGR4111000000000098109/07/201809/07/201809/07/201801471107Rgl/Fact  25463258       C4          5217  00    0             0463258                   0                       0                       0                       0                       0             
LD 2018C54000002251110/07/2018101019RGL5311454000000098109/07/201809/07/201809/07/201801471107Rgl/Facture 25463258     D4          5217CB00    0             0463258                   0                       0                       0                       0                       0             
LD 2018C54000002251110/07/2018101019AGR4111000000000098109/07/201809/07/201809/07/201801471108Rgl/Fact  25463259       C4          3699  00    0             0463259                   0                       0                       0                       0                       0             
LD 2018C54000002251110/07/2018101019RGL5311454000000098109/07/201809/07/201809/07/201801471108Rgl/Facture 25463259     D4          3699CB00    0             0463259                   0                       0                       0                       0                       0             
LD 2018C54000002251110/07/2018101019AGR4111000000000098109/07/201809/07/201809/07/201801471109Rgl/Fact  25463260       C4           698  00    0             0463260                   0                       0                       0                       0                       0             
LD 2018C54000002251110/07/2018101019RGL5311454000000098109/07/201809/07/201809/07/201801471109Rgl/Facture 25463260     D4           698ES00    0             0463260                   0                       0                       0                       0                       0             
LD 2018C54000002251110/07/2018101019AGR4111000000000098109/07/201809/07/201809/07/201801471110Rgl/Fact  25463261       C4          2569  00    0             0463261                   0                       0                       0                       0                       0             
LD 2018C54000002251110/07/2018101019RGL5311454000000098109/07/201809/07/201809/07/201801471110Rgl/Facture 25463261     D4          2569CB00    0             0463261                   0                       0                       0                       0                       0             
LD 2018C54000002251110/07/2018101019AGR4111000000000098109/07/201809/07/201809/07/201801471111Rgl/Fact  25463262       C4          1550  00    0             0463262                   0                       0                       0                       0                       0             
LD 2018C54000002251110/07/2018101019RGL5311454000000098109/07/201809/07/201809/07/201801471111Rgl/Facture 25463262     D4          1550CB00    0             0463262                   0                       0                       0                       0                       0             
LD 2018C54000002251110/07/2018101019AGR4111000000000098109/07/201809/07/201809/07/201801471112Rgl/Fact  25463263       C4          1598  00    0             0463263                   0                       0                       0                       0                       0             
LD 2018C54000002251110/07/2018101019RGL5311454000000098109/07/201809/07/201809/07/201801471112Rgl/Facture 25463263     D4          1598ES00    0             0463263                   0                       0                       0                       0                       0             
LD 2018C54000002251110/07/2018101019AGR4111000000000098109/07/201809/07/201809/07/201801471113Rgl/Fact  25463264       C4          3149  00    0             0463264                   0                       0                       0                       0                       0             
LD 2018C54000002251110/07/2018101019RGL5311454000000098109/07/201809/07/201809/07/201801471113Rgl/Facture 25463264     D4          3149ES00    0             0463264                   0                       0                       0                       0                       0             
LD 2018C54000002251110/07/2018101019AGR4111000000000098109/07/201809/07/201809/07/201801471114Rgl/Fact  25463265       C4          1754  00    0             0463265                   0                       0                       0                       0                       0             
LD 2018C54000002251110/07/2018101019RGL5311454000000098109/07/201809/07/201809/07/201801471114Rgl/Facture 25463265     D4          1754ES00    0             0463265                   0                       0                       0                       0                       0             
LD 2018C54000002251110/07/2018101019AGR4111000000000098109/07/201809/07/201809/07/201801471115Rgl/Fact  25463266       C4          6288  00    0             0463266                   0                       0                       0                       0                       0             
LD 2018C54000002251110/07/2018101019RGL5311454000000098109/07/201809/07/201809/07/201801471115Rgl/Facture 25463266     D4          6288ES00    0             0463266                   0                       0                       0                       0                       0             
LD 2018C54000002251110/07/2018101019AGR4111000000000098109/07/201809/07/201809/07/201801471116Rgl/Fact  25463267       C4          1855  00    0             0463267                   0                       0                       0                       0                       0             
LD 2018C54000002251110/07/2018101019RGL5311454000000098109/07/201809/07/201809/07/201801471116Rgl/Facture 25463267     D4          1855ES00    0             0463267                   0                       0                       0                       0                       0             
LD 2018C54000002251110/07/2018101019AGR4111000000000098109/07/201809/07/201809/07/201801471117Rgl/Fact  25463268       C4          9690  00    0             0463268                   0                       0                       0                       0                       0             
LD 2018C54000002251110/07/2018101019RGL5311454000000098109/07/201809/07/201809/07/201801471117Rgl/Facture 25463268     D4          9690CB00    0             0463268                   0                       0                       0                       0                       0             
LD 2018C54000002251110/07/2018101019AGR4111000000000098109/07/201809/07/201809/07/201801471118Rgl/Fact  25463269       C4          5998  00    0             0463269                   0                       0                       0                       0                       0             
LD 2018C54000002251110/07/2018101019RGL5311454000000098109/07/201809/07/201809/07/201801471118Rgl/Facture 25463269     D4          5998CB00    0             0463269                   0                       0                       0                       0                       0             
LD 2018C54000002251110/07/2018101019AGR4111000000000098109/07/201809/07/201809/07/201801471119Rgl/Fact  25463270       C4          1099  00    0             0463270                   0                       0                       0                       0                       0             
LD 2018C54000002251110/07/2018101019RGL5311454000000098109/07/201809/07/201809/07/201801471119Rgl/Facture 25463270     D4          1099CB00    0             0463270                   0                       0                       0                       0                       0             
LD 2018C54000002251110/07/2018101019AGR4111000000000098109/07/201809/07/201809/07/201801471120Rgl/Fact  25463271       C4          2298  00    0             0463271                   0                       0                       0                       0                       0             
LD 2018C54000002251110/07/2018101019RGL5311454000000098109/07/201809/07/201809/07/201801471120Rgl/Facture 25463271     D4          2298ES00    0             0463271                   0                       0                       0                       0                       0             
LD 2018C54000002251110/07/2018101019AGR4111000000000098109/07/201809/07/201809/07/201801471121Rgl/Fact  25463272       C4          2099  00    0             0463272                   0                       0                       0                       0                       0             
LD 2018C54000002251110/07/2018101019RGL5311454000000098109/07/201809/07/201809/07/201801471121Rgl/Facture 25463272     D4          2099CB00    0             0463272                   0                       0                       0                       0                       0             
LD 2018C54000002251110/07/2018101019AGR4111000000000098109/07/201809/07/201809/07/201801471122Rgl/Fact  25463273       C4          4596  00    0             0463273                   0                       0                       0                       0                       0             
LD 2018C54000002251110/07/2018101019RGL5311454000000098109/07/201809/07/201809/07/201801471122Rgl/Facture 25463273     D4          4596CB00    0             0463273                   0                       0                       0                       0                       0             
LD 2018C54000002251110/07/2018101019AGR4111000000000098109/07/201809/07/201809/07/201801471123Rgl/Fact  25463274       C4           700  00    0             0463274                   0                       0                       0                       0                       0             
LD 2018C54000002251110/07/2018101019RGL5311454000000098109/07/201809/07/201809/07/201801471123Rgl/Facture 25463274     D4           700ES00    0             0463274                   0                       0                       0                       0                       0             
LD 2018C54000002251110/07/2018101019AGR4111000000000098109/07/201809/07/201809/07/201801471125Rgl/Fact  25463275       C4          1318  00    0             0463275                   0                       0                       0                       0                       0             
LD 2018C54000002251110/07/2018101019RGL5311454000000098109/07/201809/07/201809/07/201801471125Rgl/Facture 25463275     D4          1318CB00    0             0463275                   0                       0                       0                       0                       0             
LD 2018C54000002251110/07/2018101019AGR4111000000000098109/07/201809/07/201809/07/201801471126Rgl/Fact  25463276       C4         10545  00    0             0463276                   0                       0                       0                       0                       0             
LD 2018C54000002251110/07/2018101019RGL5311454000000098109/07/201809/07/201809/07/201801471126Rgl/Facture 25463276     D4         10545CB00    0             0463276                   0                       0                       0                       0                       0             
LD 2018C54000002251110/07/2018101019AGR4111000000000098109/07/201809/07/201809/07/201801471127Rgl/Avoir  25463277      D4          4290  00    0             0463277                   0                       0                       0                       0                       0             
LD 2018C54000002251110/07/2018101019RGL4197000000000098109/07/201809/07/201809/07/201801471127Rgl/Facture 25463277 AVOIC4          4290BA00    0             0463277                   0                       0                       0                       0                       0             
LD 2018C54000002251110/07/2018101019AGR4111000000000098109/07/201809/07/201809/07/201801471128Rgl/Fact  25463278       C4           300  00    0             0463278                   0                       0                       0                       0                       0             
LD 2018C54000002251110/07/2018101019RGL5311454000000098109/07/201809/07/201809/07/201801471128Rgl/Facture 25463278     D4           300ES00    0             0463278                   0                       0                       0                       0                       0             
LD 2018C54000002251110/07/2018101019AGR4111000000000098109/07/201809/07/201809/07/201801471129Rgl/Fact  25463279       C4          4290  00    0             0463279                   0                       0                       0                       0                       0             
LD 2018C54000002251110/07/2018101019RGL4197000000000098109/07/201809/07/201809/07/201801471129Rgl/Facture 25463277 AVOID4          4290AV00    0             0463279                   0                       0                       0                       0                       0             
LD 2018C54000002251110/07/2018101019AGR4111000000000098109/07/201809/07/201809/07/201801471130Rgl/Fact  25463280       C4          2099  00    0             0463280                   0                       0                       0                       0                       0             
LD 2018C54000002251110/07/2018101019RGL5311454000000098109/07/201809/07/201809/07/201801471130Rgl/Facture 25463280     D4          2099CB00    0             0463280                   0                       0                       0                       0                       0             
LD 2018C54000002251110/07/2018101019AGR4111000000000098109/07/201809/07/201809/07/201801471131Rgl/Fact  25463281       C4          1358  00    0             0463281                   0                       0                       0                       0                       0             
LD 2018C54000002251110/07/2018101019RGL5311454000000098109/07/201809/07/201809/07/201801471131Rgl/Facture 25463281     D4          1358ES00    0             0463281                   0                       0                       0                       0                       0             
LD 2018C54000002251110/07/2018101019AGR4111000000000098109/07/201809/07/201809/07/201801471132Rgl/Fact  25463282       C4          4990  00    0             0463282                   0                       0                       0                       0                       0             
LD 2018C54000002251110/07/2018101019RGL5311454000000098109/07/201809/07/201809/07/201801471132Rgl/Facture 25463282     D4          4990CB00    0             0463282                   0                       0                       0                       0                       0             
LD 2018C54000002251110/07/2018101020AGR4111000000000098109/07/201809/07/201809/07/201801471133Rgl/Fact  25463283       C4          3647  00    0             0463283                   0                       0                       0                       0                       0             
LD 2018C54000002251110/07/2018101020RGL5311454000000098109/07/201809/07/201809/07/201801471133Rgl/Facture 25463283     D4          3647CB00    0             0463283                   0                       0                       0                       0                       0             
LD 2018C54000002251110/07/2018101020AGR4111000000000098109/07/201809/07/201809/07/201801471134Rgl/Fact  25463284       C4           200  00    0             0463284                   0                       0                       0                       0                       0             
LD 2018C54000002251110/07/2018101020RGL5311454000000098109/07/201809/07/201809/07/201801471134Rgl/Facture 25463284     D4           200CB00    0             0463284                   0                       0                       0                       0                       0             
LD 2018C54000002251110/07/2018101020AGR4111000000000098109/07/201809/07/201809/07/201801471135Rgl/Fact  25463285       C4          1383  00    0             0463285                   0                       0                       0                       0                       0             
LD 2018C54000002251110/07/2018101020RGL5311454000000098109/07/201809/07/201809/07/201801471135Rgl/Facture 25463285     D4          1383CB00    0             0463285                   0                       0                       0                       0                       0             
LD 2018C54000002251110/07/2018101020AGR4111000000000098109/07/201809/07/201809/07/201801471136Rgl/Fact  25463286       C4          5094  00    0             0463286                   0                       0                       0                       0                       0             
LD 2018C54000002251110/07/2018101020RGL5311454000000098109/07/201809/07/201809/07/201801471136Rgl/Facture 25463286     D4          5094CB00    0             0463286                   0                       0                       0                       0                       0             
LD 2018C54000002251110/07/2018101020AGR4111000000000098109/07/201809/07/201809/07/201801471137Rgl/Fact  25463287       C4          2098  00    0             0463287                   0                       0                       0                       0                       0             
LD 2018C54000002251110/07/2018101020RGL5311454000000098109/07/201809/07/201809/07/201801471137Rgl/Facture 25463287     D4          2098CB00    0             0463287                   0                       0                       0                       0                       0             
LD 2018C54000002251110/07/2018101020AGR4111000000000098109/07/201809/07/201809/07/201801471138Rgl/Fact  25463288       C4           919  00    0             0463288                   0                       0                       0                       0                       0             
LD 2018C54000002251110/07/2018101020RGL5311454000000098109/07/201809/07/201809/07/201801471138Rgl/Facture 25463288     D4           919CB00    0             0463288                   0                       0                       0                       0                       0             
LD 2018C54000002251110/07/2018101020AGR4111000000000098109/07/201809/07/201809/07/201801471139Rgl/Fact  25463289       C4          1599  00    0             0463289                   0                       0                       0                       0                       0             
LD 2018C54000002251110/07/2018101020RGL5311454000000098109/07/201809/07/201809/07/201801471139Rgl/Facture 25463289     D4          1599ES00    0             0463289                   0                       0                       0                       0                       0             
LD 2018C54000002251110/07/2018101020AGR4111000000000098109/07/201809/07/201809/07/201801471140Rgl/Fact  25463290       C4         18280  00    0             0463290                   0                       0                       0                       0                       0             
LD 2018C54000002251110/07/2018101020RGL5311454000000098109/07/201809/07/201809/07/201801471140Rgl/Facture 25463290     D4         18280CB00    0             0463290                   0                       0                       0                       0                       0             
LD 2018C54000002251110/07/2018101020AGR4111000000000098109/07/201809/07/201809/07/201801471141Rgl/Fact  25463291       C4          4497  00    0             0463291                   0                       0                       0                       0                       0             
LD 2018C54000002251110/07/2018101020RGL5311454000000098109/07/201809/07/201809/07/201801471141Rgl/Facture 25463291     D4          4497CB00    0             0463291                   0                       0                       0                       0                       0             
LD 2018C54000002251110/07/2018101020AGR4111000000000098109/07/201809/07/201809/07/201801471142Rgl/Fact  25463292       C4          1399  00    0             0463292                   0                       0                       0                       0                       0             
LD 2018C54000002251110/07/2018101020RGL5311454000000098109/07/201809/07/201809/07/201801471142Rgl/Facture 25463292     D4          1399CB00    0             0463292                   0                       0                       0                       0                       0             
LD 2018C54000002251110/07/2018101020AGR4111000000000098109/07/201809/07/201809/07/201801471143Rgl/Fact  25463293       C4         11399  00    0             0463293                   0                       0                       0                       0                       0             
LD 2018C54000002251110/07/2018101020RGL5311454000000098109/07/201809/07/201809/07/201801471143Rgl/Facture 25463293     D4         11399ES00    0             0463293                   0                       0                       0                       0                       0             
LD 2018C54000002251110/07/2018101020AGR4111000000000098109/07/201809/07/201809/07/201801471144Rgl/Fact  25463294       C4          5147  00    0             0463294                   0                       0                       0                       0                       0             
LD 2018C54000002251110/07/2018101020RGL5311454000000098109/07/201809/07/201809/07/201801471144Rgl/Facture 25463294     D4          5147CB00    0             0463294                   0                       0                       0                       0                       0             
LD 2018C54000002251110/07/2018101020AGR4111000000000098109/07/201809/07/201809/07/201801471145Rgl/Fact  25463295       C4          5980  00    0             0463295                   0                       0                       0                       0                       0             
LD 2018C54000002251110/07/2018101020RGL5311454000000098109/07/201809/07/201809/07/201801471145Rgl/Facture 25463295     D4          5980CB00    0             0463295                   0                       0                       0                       0                       0             
LD 2018C54000002251110/07/2018101020AGR4111000000000098109/07/201809/07/201809/07/201801471146Rgl/Fact  25463296       C4           968  00    0             0463296                   0                       0                       0                       0                       0             
LD 2018C54000002251110/07/2018101020RGL5311454000000098109/07/201809/07/201809/07/201801471146Rgl/Facture 25463296     D4           968ES00    0             0463296                   0                       0                       0                       0                       0             
LD 2018C54000002251110/07/2018101020AGR4111000000000098109/07/201809/07/201809/07/201801471147Rgl/Fact  25463297       C4          2207  00    0             0463297                   0                       0                       0                       0                       0             
LD 2018C54000002251110/07/2018101020RGL5311454000000098109/07/201809/07/201809/07/201801471147Rgl/Facture 25463297     D4          2207CB00    0             0463297                   0                       0                       0                       0                       0             
LD 2018C54000002251110/07/2018101020AGR4111000000000098109/07/201809/07/201809/07/201801471148Rgl/Fact  25463298       C4           799  00    0             0463298                   0                       0                       0                       0                       0             
LD 2018C54000002251110/07/2018101020RGL5311454000000098109/07/201809/07/201809/07/201801471148Rgl/Facture 25463298     D4           799ES00    0             0463298                   0                       0                       0                       0                       0             
LD 2018C54000002251110/07/2018101020AGR4111000000000098109/07/201809/07/201809/07/201801471149Rgl/Fact  25463299       C4          3458  00    0             0463299                   0                       0                       0                       0                       0             
LD 2018C54000002251110/07/2018101020RGL5311454000000098109/07/201809/07/201809/07/201801471149Rgl/Facture 25463299     D4          3458ES00    0             0463299                   0                       0                       0                       0                       0             
LD 2018C54000002251110/07/2018101020AGR4111000000000098109/07/201809/07/201809/07/201801471150Rgl/Fact  25463300       C4          5294  00    0             0463300                   0                       0                       0                       0                       0             
LD 2018C54000002251110/07/2018101020RGL5311454000000098109/07/201809/07/201809/07/201801471150Rgl/Facture 25463300     D4          5294CB00    0             0463300                   0                       0                       0                       0                       0             
LD 2018C54000002251110/07/2018101020AGR4111000000000098109/07/201809/07/201809/07/201801471151Rgl/Fact  25463301       C4           749  00    0             0463301                   0                       0                       0                       0                       0             
LD 2018C54000002251110/07/2018101020RGL5311454000000098109/07/201809/07/201809/07/201801471151Rgl/Facture 25463301     D4           749ES00    0             0463301                   0                       0                       0                       0                       0             
LD 2018C54000002251110/07/2018101020AGR4111000000000098109/07/201809/07/201809/07/201801471152Rgl/Fact  25463302       C4           969  00    0             0463302                   0                       0                       0                       0                       0             
LD 2018C54000002251110/07/2018101020RGL5311454000000098109/07/201809/07/201809/07/201801471152Rgl/Facture 25463302     D4           969CB00    0             0463302                   0                       0                       0                       0                       0             
LD 2018C54000002251110/07/2018101020AGR4111000000000098109/07/201809/07/201809/07/201801471153Rgl/Avoir  25463303      D4           360  00    0             0463303                   0                       0                       0                       0                       0             
LD 2018C54000002251110/07/2018101020RGL4197000000000098109/07/201809/07/201809/07/201801471153Rgl/Facture 25463303 AVOIC4           360BA00    0             0463303                   0                       0                       0                       0                       0             
LD 2018C54000002251110/07/2018101020AGR4111000000000098109/07/201809/07/201809/07/201801471154Rgl/Fact  25463304       C4           749  00    0             0463304                   0                       0                       0                       0                       0             
LD 2018C54000002251110/07/2018101020RGL4197000000000098109/07/201809/07/201809/07/201801471154Rgl/Facture 25463303 AVOID4           360AV00    0             0463304                   0                       0                       0                       0                       0             
LD 2018C54000002251110/07/2018101020RGL5311454000000098109/07/201809/07/201809/07/201801471154Rgl/Facture 25463304     D4           389ES00    0             0463304                   0                       0                       0                       0                       0             
LD 2018C54000002251110/07/2018101020AGR4111000000000098109/07/201809/07/201809/07/201801471155Rgl/Fact  25463305       C4          3498  00    0             0463305                   0                       0                       0                       0                       0             
LD 2018C54000002251110/07/2018101020RGL5311454000000098109/07/201809/07/201809/07/201801471155Rgl/Facture 25463305     D4          3498CB00    0             0463305                   0                       0                       0                       0                       0             
LD 2018C54000002251110/07/2018101020AGR4111000000000098109/07/201809/07/201809/07/201801471156Rgl/Fact  25463306       C4          2630  00    0             0463306                   0                       0                       0                       0                       0             
LD 2018C54000002251110/07/2018101020RGL5311454000000098109/07/201809/07/201809/07/201801471156Rgl/Facture 25463306     D4          2630CB00    0             0463306                   0                       0                       0                       0                       0             
LD 2018C54000002251110/07/2018101020AGR4111000000000098109/07/201809/07/201809/07/201801471157Rgl/Fact  25463307       C4           649  00    0             0463307                   0                       0                       0                       0                       0             
LD 2018C54000002251110/07/2018101020RGL5311454000000098109/07/201809/07/201809/07/201801471157Rgl/Facture 25463307     D4           649ES00    0             0463307                   0                       0                       0                       0                       0             
LD 2018C54000002251110/07/2018101020AGR4111000000000098109/07/201809/07/201809/07/201801471158Rgl/Fact  25463308       C4          1996  00    0             0463308                   0                       0                       0                       0                       0             
LD 2018C54000002251110/07/2018101020RGL5311454000000098109/07/201809/07/201809/07/201801471158Rgl/Facture 25463308     D4          1996CB00    0             0463308                   0                       0                       0                       0                       0             
LD 2018C54000002251110/07/2018101020AGR4111000000000098109/07/201809/07/201809/07/201801471159Rgl/Fact  25463309       C4          5592  00    0             0463309                   0                       0                       0                       0                       0             
LD 2018C54000002251110/07/2018101020RGL5311454000000098109/07/201809/07/201809/07/201801471159Rgl/Facture 25463309     D4          5592CB00    0             0463309                   0                       0                       0                       0                       0             
LD 2018C54000002251110/07/2018101020AGR4111000000000098109/07/201809/07/201809/07/201801471160Rgl/Fact  25463310       C4           799  00    0             0463310                   0                       0                       0                       0                       0             
LD 2018C54000002251110/07/2018101020RGL5311454000000098109/07/201809/07/201809/07/201801471160Rgl/Facture 25463310     D4           799ES00    0             0463310                   0                       0                       0                       0                       0             
LD 2018C54000002251110/07/2018101020AGR4111000000000098109/07/201809/07/201809/07/201801471161Rgl/Fact  25463311       C4         13335  00    0             0463311                   0                       0                       0                       0                       0             
LD 2018C54000002251110/07/2018101020RGL5311454000000098109/07/201809/07/201809/07/201801471161Rgl/Facture 25463311     D4         13335CB00    0             0463311                   0                       0                       0                       0                       0             
LD 2018C54000002251110/07/2018101020AGR4111000000000098109/07/201809/07/201809/07/201801471162Rgl/Fact  25463312       C4          3698  00    0             0463312                   0                       0                       0                       0                       0             
LD 2018C54000002251110/07/2018101020RGL5311454000000098109/07/201809/07/201809/07/201801471162Rgl/Facture 25463312     D4          3698CB00    0             0463312                   0                       0                       0                       0                       0             
LD 2018C54000002251110/07/2018101020AGR4111000000166087009/07/201809/07/201809/07/201801471124Rgl/Fact  8200           C4          2648  00    0             0008200                   0                       0                       0                       0                       0             
LD 2018C54000002251110/07/2018101020RGL5311454000166087009/07/201809/07/201809/07/201801471124Rgl/Facture 8200         D4          2648CH00    0             0008200                   0                       0                       0                       0                       0             
LD 2018C54000002251110/07/2018101020RGL5820000000000098109/07/201809/07/201809/07/201801471164454/Remise CH  09072018  D4          2648CH00    0             0072018                   0                       0                       0                       0                       0             
LD 2018C54000002251110/07/2018101020RGL531145400        09/07/201809/07/201809/07/201801471164454/Remise CH  09072018  C4          2648CH00    0             0072018                   0                       0                       0                       0                       0             
LD 2018C54000002251110/07/2018101020RGL5830000000000098109/07/201809/07/201809/07/201801471167454/Remise CB            D4        201935CB00    0             0000000                   0                       0                       0                       0                       0             
LD 2018C54000002251110/07/2018101020RGL531145400        09/07/201809/07/201809/07/201801471167454/Remise CB            C4        201935CB00    0             0000000                   0                       0                       0                       0                       0             
LD 2018C54000002251110/07/2018101020RGL5810000000000098109/07/201809/07/201809/07/201801471170454/Remise ES            D4         73000ES00    0             0000000                   0                       0                       0                       0                       0             
LD 2018C54000002251110/07/2018101020RGL531145400        09/07/201809/07/201809/07/201801471170454/Remise ES            C4         73000ES00    0             0000000                   0                       0                       0                       0                       0             
