LS 2018C01000008031310/07/2018094846AGR4111000000108380409/07/201809/07/201809/07/201801373573Rgl/Fact  2361199        C4          5839  00    0             0361199                   0                       0                       0                       0                       0             
LS 2018C01000008031310/07/2018094846RGL5311030100108380409/07/201809/07/201809/07/201801373573Rgl/Facture 2361199 CARTED4          5839CB00    0             0361199                   0                       0                       0                       0                       0             
LS 2018C01000008031310/07/2018094846AGR4111000000108380409/07/201809/07/201809/07/201801373574Rgl/Fact  2361200        C4           558  00    0             0361200                   0                       0                       0                       0                       0             
LS 2018C01000008031310/07/2018094846RGL5311030100108380409/07/201809/07/201809/07/201801373574Rgl/Facture 2361200 ESPECD4           558ES00    0             0361200                   0                       0                       0                       0                       0             
LS 2018C01000008031310/07/2018094846AGR4111000000108380409/07/201809/07/201809/07/201801373575Rgl/Fact  2361201        C4          2538  00    0             0361201                   0                       0                       0                       0                       0             
LS 2018C01000008031310/07/2018094846RGL5311030100108380409/07/201809/07/201809/07/201801373575Rgl/Facture 2361201 ESPECD4          2538ES00    0             0361201                   0                       0                       0                       0                       0             
LS 2018C01000008031310/07/2018094846AGR4111000000108380409/07/201809/07/201809/07/201801373576Rgl/Fact  2361202        C4          1390  00    0             0361202                   0                       0                       0                       0                       0             
LS 2018C01000008031310/07/2018094846RGL5311030100108380409/07/201809/07/201809/07/201801373576Rgl/Facture 2361202 CARTED4          1390CB00    0             0361202                   0                       0                       0                       0                       0             
LS 2018C01000008031310/07/2018094846AGR4111000000108380409/07/201809/07/201809/07/201801373577Rgl/Fact  2361203        C4          7289  00    0             0361203                   0                       0                       0                       0                       0             
LS 2018C01000008031310/07/2018094846RGL5311030100108380409/07/201809/07/201809/07/201801373577Rgl/Facture 2361203 CARTED4          7289CB00    0             0361203                   0                       0                       0                       0                       0             
LS 2018C01000008031310/07/2018094846AGR4111000000108380409/07/201809/07/201809/07/201801373578Rgl/Fact  2361204        C4          3795  00    0             0361204                   0                       0                       0                       0                       0             
LS 2018C01000008031310/07/2018094846RGL5311030100108380409/07/201809/07/201809/07/201801373578Rgl/Facture 2361204 CARTED4          3795CB00    0             0361204                   0                       0                       0                       0                       0             
LS 2018C01000008031310/07/2018094846AGR4111000000108380409/07/201809/07/201809/07/201801373579Rgl/Fact  2361205        C4          6439  00    0             0361205                   0                       0                       0                       0                       0             
LS 2018C01000008031310/07/2018094846RGL5311030100108380409/07/201809/07/201809/07/201801373579Rgl/Facture 2361205 CARTED4          6439CB00    0             0361205                   0                       0                       0                       0                       0             
LS 2018C01000008031310/07/2018094846AGR4111000000108380409/07/201809/07/201809/07/201801373580Rgl/Fact  2361206        C4          1440  00    0             0361206                   0                       0                       0                       0                       0             
LS 2018C01000008031310/07/2018094846RGL5311030100108380409/07/201809/07/201809/07/201801373580Rgl/Facture 2361206 ESPECD4          1440ES00    0             0361206                   0                       0                       0                       0                       0             
LS 2018C01000008031310/07/2018094846AGR4111000000108380409/07/201809/07/201809/07/201801373581Rgl/Fact  2361207        C4          5379  00    0             0361207                   0                       0                       0                       0                       0             
LS 2018C01000008031310/07/2018094846RGL5311030100108380409/07/201809/07/201809/07/201801373581Rgl/Facture 2361207 CARTED4          5379CB00    0             0361207                   0                       0                       0                       0                       0             
LS 2018C01000008031310/07/2018094846AGR4111000000108380409/07/201809/07/201809/07/201801373582Rgl/Fact  2361208        C4          2968  00    0             0361208                   0                       0                       0                       0                       0             
LS 2018C01000008031310/07/2018094846RGL5311030100108380409/07/201809/07/201809/07/201801373582Rgl/Facture 2361208 CARTED4          2968CB00    0             0361208                   0                       0                       0                       0                       0             
LS 2018C01000008031310/07/2018094846AGR4111000000108380409/07/201809/07/201809/07/201801373583Rgl/Fact  2361209        C4           929  00    0             0361209                   0                       0                       0                       0                       0             
LS 2018C01000008031310/07/2018094846RGL5311030100108380409/07/201809/07/201809/07/201801373583Rgl/Facture 2361209 ESPECD4           929ES00    0             0361209                   0                       0                       0                       0                       0             
LS 2018C01000008031310/07/2018094846AGR4111000000108380409/07/201809/07/201809/07/201801373584Rgl/Fact  2361210        C4          1638  00    0             0361210                   0                       0                       0                       0                       0             
LS 2018C01000008031310/07/2018094846RGL5311030100108380409/07/201809/07/201809/07/201801373584Rgl/Facture 2361210 CARTED4          1638CB00    0             0361210                   0                       0                       0                       0                       0             
LS 2018C01000008031310/07/2018094846AGR4111000000108380409/07/201809/07/201809/07/201801373585Rgl/Fact  2361211        C4           678  00    0             0361211                   0                       0                       0                       0                       0             
LS 2018C01000008031310/07/2018094846RGL5311030100108380409/07/201809/07/201809/07/201801373585Rgl/Facture 2361211 CARTED4           678CB00    0             0361211                   0                       0                       0                       0                       0             
LS 2018C01000008031310/07/2018094846AGR4111000000108380409/07/201809/07/201809/07/201801373586Rgl/Fact  2361212        C4          2890  00    0             0361212                   0                       0                       0                       0                       0             
LS 2018C01000008031310/07/2018094846RGL5311030100108380409/07/201809/07/201809/07/201801373586Rgl/Facture 2361212 CHEQUD4          2890CH00    0             0361212                   0                       0                       0                       0                       0             
LS 2018C01000008031310/07/2018094846AGR4111000000108380409/07/201809/07/201809/07/201801373587Rgl/Fact  2361213        C4          2679  00    0             0361213                   0                       0                       0                       0                       0             
LS 2018C01000008031310/07/2018094846RGL5311030100108380409/07/201809/07/201809/07/201801373587Rgl/Facture 2361213 CHEQUD4          2679CH00    0             0361213                   0                       0                       0                       0                       0             
LS 2018C01000008031310/07/2018094846AGR4111000000108380409/07/201809/07/201809/07/201801373588Rgl/Fact  2361214        C4          4451  00    0             0361214                   0                       0                       0                       0                       0             
LS 2018C01000008031310/07/2018094846RGL5311030100108380409/07/201809/07/201809/07/201801373588Rgl/Facture 2361214 CARTED4          4451CB00    0             0361214                   0                       0                       0                       0                       0             
LS 2018C01000008031310/07/2018094847AGR4111000000108380409/07/201809/07/201809/07/201801373589Rgl/Fact  2361215        C4          1390  00    0             0361215                   0                       0                       0                       0                       0             
LS 2018C01000008031310/07/2018094847RGL5311030100108380409/07/201809/07/201809/07/201801373589Rgl/Facture 2361215 ESPECD4          1390ES00    0             0361215                   0                       0                       0                       0                       0             
LS 2018C01000008031310/07/2018094847AGR4111000000108380409/07/201809/07/201809/07/201801373590Rgl/Fact  2361216        C4          3199  00    0             0361216                   0                       0                       0                       0                       0             
LS 2018C01000008031310/07/2018094847RGL5311030100108380409/07/201809/07/201809/07/201801373590Rgl/Facture 2361216 CARTED4          3199CB00    0             0361216                   0                       0                       0                       0                       0             
LS 2018C01000008031310/07/2018094847AGR4111000000108380409/07/201809/07/201809/07/201801373591Rgl/Fact  2361217        C4          2598  00    0             0361217                   0                       0                       0                       0                       0             
LS 2018C01000008031310/07/2018094847RGL5311030100108380409/07/201809/07/201809/07/201801373591Rgl/Facture 2361217 ESPECD4          2598ES00    0             0361217                   0                       0                       0                       0                       0             
LS 2018C01000008031310/07/2018094847AGR4111000000108380409/07/201809/07/201809/07/201801373592Rgl/Fact  2361218        C4          2540  00    0             0361218                   0                       0                       0                       0                       0             
LS 2018C01000008031310/07/2018094847RGL5311030100108380409/07/201809/07/201809/07/201801373592Rgl/Facture 2361218 ESPECD4          2540ES00    0             0361218                   0                       0                       0                       0                       0             
LS 2018C01000008031310/07/2018094847AGR4111000000108380409/07/201809/07/201809/07/201801373593Rgl/Fact  2361219        C4          2320  00    0             0361219                   0                       0                       0                       0                       0             
LS 2018C01000008031310/07/2018094847RGL5311030100108380409/07/201809/07/201809/07/201801373593Rgl/Facture 2361219 CARTED4          2320CB00    0             0361219                   0                       0                       0                       0                       0             
LS 2018C01000008031310/07/2018094847AGR4111000000108380409/07/201809/07/201809/07/201801373594Rgl/Fact  2361220        C4          2575  00    0             0361220                   0                       0                       0                       0                       0             
LS 2018C01000008031310/07/2018094847RGL5311030100108380409/07/201809/07/201809/07/201801373594Rgl/Facture 2361220 CARTED4          2575CB00    0             0361220                   0                       0                       0                       0                       0             
LS 2018C01000008031310/07/2018094847AGR4111000000108380409/07/201809/07/201809/07/201801373595Rgl/Fact  2361221        C4          2427  00    0             0361221                   0                       0                       0                       0                       0             
LS 2018C01000008031310/07/2018094847RGL5311030100108380409/07/201809/07/201809/07/201801373595Rgl/Facture 2361221 CARTED4          2427CB00    0             0361221                   0                       0                       0                       0                       0             
LS 2018C01000008031310/07/2018094847AGR4111000000108380409/07/201809/07/201809/07/201801373596Rgl/Fact  2361222        C4          1199  00    0             0361222                   0                       0                       0                       0                       0             
LS 2018C01000008031310/07/2018094847RGL5311030100108380409/07/201809/07/201809/07/201801373596Rgl/Facture 2361222 ESPECD4          1199ES00    0             0361222                   0                       0                       0                       0                       0             
LS 2018C01000008031310/07/2018094847AGR4111000000108380409/07/201809/07/201809/07/201801373597Rgl/Fact  2361223        C4          2655  00    0             0361223                   0                       0                       0                       0                       0             
LS 2018C01000008031310/07/2018094847RGL5311030100108380409/07/201809/07/201809/07/201801373597Rgl/Facture 2361223 CARTED4          2655CB00    0             0361223                   0                       0                       0                       0                       0             
LS 2018C01000008031310/07/2018094847AGR4111000000108380409/07/201809/07/201809/07/201801373598Rgl/Fact  2361224        C4          3788  00    0             0361224                   0                       0                       0                       0                       0             
LS 2018C01000008031310/07/2018094847RGL5311030100108380409/07/201809/07/201809/07/201801373598Rgl/Facture 2361224 CARTED4          3788CB00    0             0361224                   0                       0                       0                       0                       0             
LS 2018C01000008031310/07/2018094847AGR4111000000108380409/07/201809/07/201809/07/201801373599Rgl/Fact  2361225        C4          1187  00    0             0361225                   0                       0                       0                       0                       0             
LS 2018C01000008031310/07/2018094847RGL5311030100108380409/07/201809/07/201809/07/201801373599Rgl/Facture 2361225 CARTED4          1187CB00    0             0361225                   0                       0                       0                       0                       0             
LS 2018C01000008031310/07/2018094847AGR4111000000108380409/07/201809/07/201809/07/201801373600Rgl/Fact  2361226        C4          1115  00    0             0361226                   0                       0                       0                       0                       0             
LS 2018C01000008031310/07/2018094847RGL5311030100108380409/07/201809/07/201809/07/201801373600Rgl/Facture 2361226 CHEQUD4          1115CH00    0             0361226                   0                       0                       0                       0                       0             
LS 2018C01000008031310/07/2018094847AGR4111000000108380409/07/201809/07/201809/07/201801373601Rgl/Fact  2361227        C4          1060  00    0             0361227                   0                       0                       0                       0                       0             
LS 2018C01000008031310/07/2018094847RGL5311030100108380409/07/201809/07/201809/07/201801373601Rgl/Facture 2361227 CARTED4          1060CB00    0             0361227                   0                       0                       0                       0                       0             
LS 2018C01000008031310/07/2018094847AGR4111000000108380409/07/201809/07/201809/07/201801373602Rgl/Fact  2361228        C4          1277  00    0             0361228                   0                       0                       0                       0                       0             
LS 2018C01000008031310/07/2018094847RGL5311030100108380409/07/201809/07/201809/07/201801373602Rgl/Facture 2361228 CARTED4          1277CB00    0             0361228                   0                       0                       0                       0                       0             
LS 2018C01000008031310/07/2018094847AGR4111000000108380409/07/201809/07/201809/07/201801373603Rgl/Fact  2361229        C4          1595  00    0             0361229                   0                       0                       0                       0                       0             
LS 2018C01000008031310/07/2018094847RGL5311030100108380409/07/201809/07/201809/07/201801373603Rgl/Facture 2361229 ESPECD4          1595ES00    0             0361229                   0                       0                       0                       0                       0             
LS 2018C01000008031310/07/2018094847AGR4111000000108380409/07/201809/07/201809/07/201801373604Rgl/Fact  2361230        C4           289  00    0             0361230                   0                       0                       0                       0                       0             
LS 2018C01000008031310/07/2018094847RGL5311030100108380409/07/201809/07/201809/07/201801373604Rgl/Facture 2361230 ESPECD4           289ES00    0             0361230                   0                       0                       0                       0                       0             
LS 2018C01000008031310/07/2018094847AGR4111000000108380409/07/201809/07/201809/07/201801373605Rgl/Fact  2361231        C4           299  00    0             0361231                   0                       0                       0                       0                       0             
LS 2018C01000008031310/07/2018094847RGL5311030100108380409/07/201809/07/201809/07/201801373605Rgl/Facture 2361231 ESPECD4           299ES00    0             0361231                   0                       0                       0                       0                       0             
LS 2018C01000008031310/07/2018094847AGR4111000000108380409/07/201809/07/201809/07/201801373606Rgl/Fact  2361232        C4           999  00    0             0361232                   0                       0                       0                       0                       0             
LS 2018C01000008031310/07/2018094847RGL5311030100108380409/07/201809/07/201809/07/201801373606Rgl/Facture 2361232 ESPECD4           999ES00    0             0361232                   0                       0                       0                       0                       0             
LS 2018C01000008031310/07/2018094847AGR4111000000108380409/07/201809/07/201809/07/201801373607Rgl/Fact  2361233        C4          1695  00    0             0361233                   0                       0                       0                       0                       0             
LS 2018C01000008031310/07/2018094847RGL5311030100108380409/07/201809/07/201809/07/201801373607Rgl/Facture 2361233 CARTED4          1695CB00    0             0361233                   0                       0                       0                       0                       0             
LS 2018C01000008031310/07/2018094847AGR4111000000108380409/07/201809/07/201809/07/201801373608Rgl/Fact  2361234        C4          7740  00    0             0361234                   0                       0                       0                       0                       0             
LS 2018C01000008031310/07/2018094847RGL5311030100108380409/07/201809/07/201809/07/201801373608Rgl/Facture 2361234 CARTED4          7740CB00    0             0361234                   0                       0                       0                       0                       0             
LS 2018C01000008031310/07/2018094847AGR4111000000108380409/07/201809/07/201809/07/201801373609Rgl/Fact  2361235        C4          2014  00    0             0361235                   0                       0                       0                       0                       0             
LS 2018C01000008031310/07/2018094847RGL5311030100108380409/07/201809/07/201809/07/201801373609Rgl/Facture 2361235 ESPECD4          2014ES00    0             0361235                   0                       0                       0                       0                       0             
LS 2018C01000008031310/07/2018094847AGR4111000000108380409/07/201809/07/201809/07/201801373610Rgl/Fact  2361236        C4          3279  00    0             0361236                   0                       0                       0                       0                       0             
LS 2018C01000008031310/07/2018094847RGL5311030100108380409/07/201809/07/201809/07/201801373610Rgl/Facture 2361236 CARTED4          3279CB00    0             0361236                   0                       0                       0                       0                       0             
LS 2018C01000008031310/07/2018094847AGR4111000000108380409/07/201809/07/201809/07/201801373612Rgl/Fact  2361238        C4           960  00    0             0361238                   0                       0                       0                       0                       0             
LS 2018C01000008031310/07/2018094847RGL5311030100108380409/07/201809/07/201809/07/201801373612Rgl/Facture 2361238 ESPECD4           960ES00    0             0361238                   0                       0                       0                       0                       0             
LS 2018C01000008031310/07/2018094847AGR4111000000108380409/07/201809/07/201809/07/201801373613Rgl/Fact  2361239        C4          4727  00    0             0361239                   0                       0                       0                       0                       0             
LS 2018C01000008031310/07/2018094847RGL5311030100108380409/07/201809/07/201809/07/201801373613Rgl/Facture 2361239 CARTED4          4727CB00    0             0361239                   0                       0                       0                       0                       0             
LS 2018C01000008031310/07/2018094847AGR4111000000108380409/07/201809/07/201809/07/201801373614Rgl/Fact  2361240        C4          2750  00    0             0361240                   0                       0                       0                       0                       0             
LS 2018C01000008031310/07/2018094847RGL5311030100108380409/07/201809/07/201809/07/201801373614Rgl/Facture 2361240 CARTED4          2750CB00    0             0361240                   0                       0                       0                       0                       0             
LS 2018C01000008031310/07/2018094847AGR4111000000108380409/07/201809/07/201809/07/201801373615Rgl/Fact  2361241        C4           599  00    0             0361241                   0                       0                       0                       0                       0             
LS 2018C01000008031310/07/2018094847RGL5311030100108380409/07/201809/07/201809/07/201801373615Rgl/Facture 2361241 CARTED4           599CB00    0             0361241                   0                       0                       0                       0                       0             
LS 2018C01000008031310/07/2018094847AGR4111000000108380409/07/201809/07/201809/07/201801373616Rgl/Fact  2361242        C4          2820  00    0             0361242                   0                       0                       0                       0                       0             
LS 2018C01000008031310/07/2018094847RGL5311030100108380409/07/201809/07/201809/07/201801373616Rgl/Facture 2361242 CARTED4          2820CB00    0             0361242                   0                       0                       0                       0                       0             
LS 2018C01000008031310/07/2018094847AGR4111000000108380409/07/201809/07/201809/07/201801373617Rgl/Fact  2361243        C4          3870  00    0             0361243                   0                       0                       0                       0                       0             
LS 2018C01000008031310/07/2018094847RGL5311030100108380409/07/201809/07/201809/07/201801373617Rgl/Facture 2361243 CARTED4          3870CB00    0             0361243                   0                       0                       0                       0                       0             
LS 2018C01000008031310/07/2018094847AGR4111000000108380409/07/201809/07/201809/07/201801373618Rgl/Fact  2361244        C4          1430  00    0             0361244                   0                       0                       0                       0                       0             
LS 2018C01000008031310/07/2018094847RGL5311030100108380409/07/201809/07/201809/07/201801373618Rgl/Facture 2361244 CARTED4          1430CB00    0             0361244                   0                       0                       0                       0                       0             
LS 2018C01000008031310/07/2018094847AGR4111000000108380409/07/201809/07/201809/07/201801373619Rgl/Fact  2361245        C4          2083  00    0             0361245                   0                       0                       0                       0                       0             
LS 2018C01000008031310/07/2018094847RGL5311030100108380409/07/201809/07/201809/07/201801373619Rgl/Facture 2361245 CARTED4          2083CB00    0             0361245                   0                       0                       0                       0                       0             
LS 2018C01000008031310/07/2018094847AGR4111000000108380409/07/201809/07/201809/07/201801373620Rgl/Fact  2361246        C4          1279  00    0             0361246                   0                       0                       0                       0                       0             
LS 2018C01000008031310/07/2018094847RGL5311030100108380409/07/201809/07/201809/07/201801373620Rgl/Facture 2361246 CARTED4          1279CB00    0             0361246                   0                       0                       0                       0                       0             
LS 2018C01000008031310/07/2018094847AGR4111000000108380409/07/201809/07/201809/07/201801373621Rgl/Fact  2361247        C4          1797  00    0             0361247                   0                       0                       0                       0                       0             
LS 2018C01000008031310/07/2018094847RGL5311030100108380409/07/201809/07/201809/07/201801373621Rgl/Facture 2361247 CARTED4          1797CB00    0             0361247                   0                       0                       0                       0                       0             
LS 2018C01000008031310/07/2018094847AGR4111000000108380409/07/201809/07/201809/07/201801373622Rgl/Fact  2361248        C4          8409  00    0             0361248                   0                       0                       0                       0                       0             
LS 2018C01000008031310/07/2018094847RGL5311030100108380409/07/201809/07/201809/07/201801373622Rgl/Facture 2361248 CARTED4          8409CB00    0             0361248                   0                       0                       0                       0                       0             
LS 2018C01000008031310/07/2018094847AGR4111000000108380409/07/201809/07/201809/07/201801373623Rgl/Fact  2361249        C4          2310  00    0             0361249                   0                       0                       0                       0                       0             
LS 2018C01000008031310/07/2018094847RGL5311030100108380409/07/201809/07/201809/07/201801373623Rgl/Facture 2361249 CHEQUD4          2310CH00    0             0361249                   0                       0                       0                       0                       0             
LS 2018C01000008031310/07/2018094847AGR4111000000108380409/07/201809/07/201809/07/201801373624Rgl/Fact  2361250        C4           648  00    0             0361250                   0                       0                       0                       0                       0             
LS 2018C01000008031310/07/2018094847RGL5311030100108380409/07/201809/07/201809/07/201801373624Rgl/Facture 2361250 CARTED4           648CB00    0             0361250                   0                       0                       0                       0                       0             
LS 2018C01000008031310/07/2018094847AGR4111000000108380409/07/201809/07/201809/07/201801373625Rgl/Fact  2361251        C4          2580  00    0             0361251                   0                       0                       0                       0                       0             
LS 2018C01000008031310/07/2018094847RGL5311030100108380409/07/201809/07/201809/07/201801373625Rgl/Facture 2361251 CARTED4          2580CB00    0             0361251                   0                       0                       0                       0                       0             
LS 2018C01000008031310/07/2018094847AGR4111000000108380409/07/201809/07/201809/07/201801373626Rgl/Fact  2361252        C4           979  00    0             0361252                   0                       0                       0                       0                       0             
LS 2018C01000008031310/07/2018094847RGL5311030100108380409/07/201809/07/201809/07/201801373626Rgl/Facture 2361252 CHEQUD4           979CH00    0             0361252                   0                       0                       0                       0                       0             
LS 2018C01000008031310/07/2018094847AGR4111000000108380409/07/201809/07/201809/07/201801373627Rgl/Fact  2361253        C4          1339  00    0             0361253                   0                       0                       0                       0                       0             
LS 2018C01000008031310/07/2018094847RGL5311030100108380409/07/201809/07/201809/07/201801373627Rgl/Facture 2361253 ESPECD4          1339ES00    0             0361253                   0                       0                       0                       0                       0             
LS 2018C01000008031310/07/2018094847AGR4111000000108380409/07/201809/07/201809/07/201801373628Rgl/Fact  2361254        C4          5497  00    0             0361254                   0                       0                       0                       0                       0             
LS 2018C01000008031310/07/2018094847RGL5311030100108380409/07/201809/07/201809/07/201801373628Rgl/Facture 2361254 ESPECD4          5497ES00    0             0361254                   0                       0                       0                       0                       0             
LS 2018C01000008031310/07/2018094847AGR4111000000108380409/07/201809/07/201809/07/201801373629Rgl/Fact  2361255        C4          5999  00    0             0361255                   0                       0                       0                       0                       0             
LS 2018C01000008031310/07/2018094847RGL5311030100108380409/07/201809/07/201809/07/201801373629Rgl/Facture 2361255 CARTED4          5999CB00    0             0361255                   0                       0                       0                       0                       0             
LS 2018C01000008031310/07/2018094847AGR4111000000108380409/07/201809/07/201809/07/201801373630Rgl/Fact  2361256        C4          1169  00    0             0361256                   0                       0                       0                       0                       0             
LS 2018C01000008031310/07/2018094847RGL5311030100108380409/07/201809/07/201809/07/201801373630Rgl/Facture 2361256 ESPECD4          1169ES00    0             0361256                   0                       0                       0                       0                       0             
LS 2018C01000008031310/07/2018094847AGR4111000000108380409/07/201809/07/201809/07/201801373631Rgl/Fact  2361257        C4          3280  00    0             0361257                   0                       0                       0                       0                       0             
LS 2018C01000008031310/07/2018094847RGL5311030100108380409/07/201809/07/201809/07/201801373631Rgl/Facture 2361257 CARTED4          3280CB00    0             0361257                   0                       0                       0                       0                       0             
LS 2018C01000008031310/07/2018094847AGR4111000000108380409/07/201809/07/201809/07/201801373632Rgl/Fact  2361258        C4          3540  00    0             0361258                   0                       0                       0                       0                       0             
LS 2018C01000008031310/07/2018094847RGL5311030100108380409/07/201809/07/201809/07/201801373632Rgl/Facture 2361258 CARTED4          3540CB00    0             0361258                   0                       0                       0                       0                       0             
LS 2018C01000008031310/07/2018094847AGR4111000000108380409/07/201809/07/201809/07/201801373633Rgl/Fact  2361259        C4           199  00    0             0361259                   0                       0                       0                       0                       0             
LS 2018C01000008031310/07/2018094847RGL5311030100108380409/07/201809/07/201809/07/201801373633Rgl/Facture 2361259 ESPECD4           199ES00    0             0361259                   0                       0                       0                       0                       0             
LS 2018C01000008031310/07/2018094847AGR4111000000108380409/07/201809/07/201809/07/201801373634Rgl/Fact  2361260        C4          3698  00    0             0361260                   0                       0                       0                       0                       0             
LS 2018C01000008031310/07/2018094847RGL5311030100108380409/07/201809/07/201809/07/201801373634Rgl/Facture 2361260 CARTED4          3698CB00    0             0361260                   0                       0                       0                       0                       0             
LS 2018C01000008031310/07/2018094847AGR4111000000108380409/07/201809/07/201809/07/201801373635Rgl/Fact  2361261        C4          4262  00    0             0361261                   0                       0                       0                       0                       0             
LS 2018C01000008031310/07/2018094847RGL5311030100108380409/07/201809/07/201809/07/201801373635Rgl/Facture 2361261 CARTED4          4262CB00    0             0361261                   0                       0                       0                       0                       0             
LS 2018C01000008031310/07/2018094847AGR4111000000108380409/07/201809/07/201809/07/201801373636Rgl/Fact  2361262        C4          3092  00    0             0361262                   0                       0                       0                       0                       0             
LS 2018C01000008031310/07/2018094847RGL5311030100108380409/07/201809/07/201809/07/201801373636Rgl/Facture 2361262 ESPECD4          3092ES00    0             0361262                   0                       0                       0                       0                       0             
LS 2018C01000008031310/07/2018094847AGR4111000000108380409/07/201809/07/201809/07/201801373637Rgl/Fact  2361263        C4          1999  00    0             0361263                   0                       0                       0                       0                       0             
LS 2018C01000008031310/07/2018094847RGL5311030100108380409/07/201809/07/201809/07/201801373637Rgl/Facture 2361263 ESPECD4          1999ES00    0             0361263                   0                       0                       0                       0                       0             
LS 2018C01000008031310/07/2018094847AGR4111000000108380409/07/201809/07/201809/07/201801373638Rgl/Fact  2361264        C4          2499  00    0             0361264                   0                       0                       0                       0                       0             
LS 2018C01000008031310/07/2018094847RGL5311030100108380409/07/201809/07/201809/07/201801373638Rgl/Facture 2361264 ESPECD4          2499ES00    0             0361264                   0                       0                       0                       0                       0             
LS 2018C01000008031310/07/2018094847AGR4111000000108380409/07/201809/07/201809/07/201801373639Rgl/Fact  2361265        C4           145  00    0             0361265                   0                       0                       0                       0                       0             
LS 2018C01000008031310/07/2018094847RGL5311030100108380409/07/201809/07/201809/07/201801373639Rgl/Facture 2361265 ESPECD4           145ES00    0             0361265                   0                       0                       0                       0                       0             
LS 2018C01000008031310/07/2018094847AGR4111000000108380409/07/201809/07/201809/07/201801373640Rgl/Fact  2361266        C4          3667  00    0             0361266                   0                       0                       0                       0                       0             
LS 2018C01000008031310/07/2018094847RGL5311030100108380409/07/201809/07/201809/07/201801373640Rgl/Facture 2361266 CARTED4          3667CB00    0             0361266                   0                       0                       0                       0                       0             
LS 2018C01000008031310/07/2018094847AGR4111000000108380409/07/201809/07/201809/07/201801373641Rgl/Fact  2361267        C4           628  00    0             0361267                   0                       0                       0                       0                       0             
LS 2018C01000008031310/07/2018094847RGL5311030100108380409/07/201809/07/201809/07/201801373641Rgl/Facture 2361267 ESPECD4           628ES00    0             0361267                   0                       0                       0                       0                       0             
LS 2018C01000008031310/07/2018094847AGR4111000000108380409/07/201809/07/201809/07/201801373642Rgl/Fact  2361268        C4          1479  00    0             0361268                   0                       0                       0                       0                       0             
LS 2018C01000008031310/07/2018094847RGL5311030100108380409/07/201809/07/201809/07/201801373642Rgl/Facture 2361268 CARTED4          1479CB00    0             0361268                   0                       0                       0                       0                       0             
LS 2018C01000008031310/07/2018094847AGR4111000000108380409/07/201809/07/201809/07/201801373643Rgl/Avoir  2361269       D4           960  00    0             0361269                   0                       0                       0                       0                       0             
LS 2018C01000008031310/07/2018094847RGL4197000000108380409/07/201809/07/201809/07/201801373643Rgl/Facture 2361269 AVOIRC4           960BA00    0             0361269                   0                       0                       0                       0                       0             
LS 2018C01000008031310/07/2018094847AGR4111000000108380409/07/201809/07/201809/07/201801373644Rgl/Fact  2361270        C4           830  00    0             0361270                   0                       0                       0                       0                       0             
LS 2018C01000008031310/07/2018094847RGL4197000000108380409/07/201809/07/201809/07/201801373644Rgl/Facture 2361269 AVOIRD4           830AV00    0             0361270                   0                       0                       0                       0                       0             
LS 2018C01000008031310/07/2018094847AGR4111000000108380409/07/201809/07/201809/07/201801373645Rgl/Fact  2361271        C4          1718  00    0             0361271                   0                       0                       0                       0                       0             
LS 2018C01000008031310/07/2018094847RGL5311030100108380409/07/201809/07/201809/07/201801373645Rgl/Facture 2361271 CARTED4          1718CB00    0             0361271                   0                       0                       0                       0                       0             
LS 2018C01000008031310/07/2018094847AGR4111000000108380409/07/201809/07/201809/07/201801373646Rgl/Fact  2361272        C4           998  00    0             0361272                   0                       0                       0                       0                       0             
LS 2018C01000008031310/07/2018094847RGL5311030100108380409/07/201809/07/201809/07/201801373646Rgl/Facture 2361272 CARTED4           998CB00    0             0361272                   0                       0                       0                       0                       0             
LS 2018C01000008031310/07/2018094847AGR4111000000108380409/07/201809/07/201809/07/201801373647Rgl/Fact  2361273        C4           129  00    0             0361273                   0                       0                       0                       0                       0             
LS 2018C01000008031310/07/2018094847RGL5311030100108380409/07/201809/07/201809/07/201801373647Rgl/Facture 2361273 ESPECD4           129ES00    0             0361273                   0                       0                       0                       0                       0             
LS 2018C01000008031310/07/2018094847AGR4111000000108380409/07/201809/07/201809/07/201801373649Rgl/Fact  2361275        C4          4298  00    0             0361275                   0                       0                       0                       0                       0             
LS 2018C01000008031310/07/2018094847RGL5311030100108380409/07/201809/07/201809/07/201801373649Rgl/Facture 2361275 CARTED4          4298CB00    0             0361275                   0                       0                       0                       0                       0             
LS 2018C01000008031310/07/2018094847AGR4111000000108380409/07/201809/07/201809/07/201801373650Rgl/Fact  2361276        C4           899  00    0             0361276                   0                       0                       0                       0                       0             
LS 2018C01000008031310/07/2018094847RGL5311030100108380409/07/201809/07/201809/07/201801373650Rgl/Facture 2361276 CARTED4           899CB00    0             0361276                   0                       0                       0                       0                       0             
LS 2018C01000008031310/07/2018094848AGR4111000000108380409/07/201809/07/201809/07/201801373651Rgl/Fact  2361277        C4          3894  00    0             0361277                   0                       0                       0                       0                       0             
LS 2018C01000008031310/07/2018094848RGL5311030100108380409/07/201809/07/201809/07/201801373651Rgl/Facture 2361277 CARTED4          3894CB00    0             0361277                   0                       0                       0                       0                       0             
LS 2018C01000008031310/07/2018094848AGR4111000000108380409/07/201809/07/201809/07/201801373652Rgl/Fact  2361278        C4           940  00    0             0361278                   0                       0                       0                       0                       0             
LS 2018C01000008031310/07/2018094848RGL5311030100108380409/07/201809/07/201809/07/201801373652Rgl/Facture 2361278 CARTED4           940CB00    0             0361278                   0                       0                       0                       0                       0             
LS 2018C01000008031310/07/2018094848AGR4111000000108380409/07/201809/07/201809/07/201801373653Rgl/Fact  2361279        C4           399  00    0             0361279                   0                       0                       0                       0                       0             
LS 2018C01000008031310/07/2018094848RGL5311030100108380409/07/201809/07/201809/07/201801373653Rgl/Facture 2361279 CARTED4           399CB00    0             0361279                   0                       0                       0                       0                       0             
LS 2018C01000008031310/07/2018094848AGR4111000000108380409/07/201809/07/201809/07/201801373654Rgl/Fact  2361280        C4          1999  00    0             0361280                   0                       0                       0                       0                       0             
LS 2018C01000008031310/07/2018094848RGL5311030100108380409/07/201809/07/201809/07/201801373654Rgl/Facture 2361280 CARTED4          1999CB00    0             0361280                   0                       0                       0                       0                       0             
LS 2018C01000008031310/07/2018094848AGR4111000000108380409/07/201809/07/201809/07/201801373655Rgl/Fact  2361281        C4          4391  00    0             0361281                   0                       0                       0                       0                       0             
LS 2018C01000008031310/07/2018094848RGL5311030100108380409/07/201809/07/201809/07/201801373655Rgl/Facture 2361281 CARTED4          4391CB00    0             0361281                   0                       0                       0                       0                       0             
LS 2018C01000008031310/07/2018094848AGR4111000000108380409/07/201809/07/201809/07/201801373656Rgl/Fact  2361282        C4          1232  00    0             0361282                   0                       0                       0                       0                       0             
LS 2018C01000008031310/07/2018094848RGL5311030100108380409/07/201809/07/201809/07/201801373656Rgl/Facture 2361282 CARTED4          1232CB00    0             0361282                   0                       0                       0                       0                       0             
LS 2018C01000008031310/07/2018094848AGR4111000000108380409/07/201809/07/201809/07/201801373657Rgl/Fact  2361283        C4          1743  00    0             0361283                   0                       0                       0                       0                       0             
LS 2018C01000008031310/07/2018094848RGL5311030100108380409/07/201809/07/201809/07/201801373657Rgl/Facture 2361283 CHEQUD4          1743CH00    0             0361283                   0                       0                       0                       0                       0             
LS 2018C01000008031310/07/2018094848AGR4111000000108380409/07/201809/07/201809/07/201801373658Rgl/Fact  2361284        C4          3420  00    0             0361284                   0                       0                       0                       0                       0             
LS 2018C01000008031310/07/2018094848RGL5311030100108380409/07/201809/07/201809/07/201801373658Rgl/Facture 2361284 CARTED4          3420CB00    0             0361284                   0                       0                       0                       0                       0             
LS 2018C01000008031310/07/2018094848AGR4111000000108380409/07/201809/07/201809/07/201801373659Rgl/Fact  2361285        C4          1029  00    0             0361285                   0                       0                       0                       0                       0             
LS 2018C01000008031310/07/2018094848RGL5311030100108380409/07/201809/07/201809/07/201801373659Rgl/Facture 2361285 ESPECD4          1029ES00    0             0361285                   0                       0                       0                       0                       0             
LS 2018C01000008031310/07/2018094848AGR4111000000108380409/07/201809/07/201809/07/201801373660Rgl/Fact  2361286        C4          1058  00    0             0361286                   0                       0                       0                       0                       0             
LS 2018C01000008031310/07/2018094848RGL5311030100108380409/07/201809/07/201809/07/201801373660Rgl/Facture 2361286 ESPECD4          1058ES00    0             0361286                   0                       0                       0                       0                       0             
LS 2018C01000008031310/07/2018094848AGR4111000000108380409/07/201809/07/201809/07/201801373661Rgl/Fact  2361287        C4          4497  00    0             0361287                   0                       0                       0                       0                       0             
LS 2018C01000008031310/07/2018094848RGL5311030100108380409/07/201809/07/201809/07/201801373661Rgl/Facture 2361287 CARTED4          4497CB00    0             0361287                   0                       0                       0                       0                       0             
LS 2018C01000008031310/07/2018094848AGR4111000000108380409/07/201809/07/201809/07/201801373662Rgl/Fact  2361288        C4          1695  00    0             0361288                   0                       0                       0                       0                       0             
LS 2018C01000008031310/07/2018094848RGL5311030100108380409/07/201809/07/201809/07/201801373662Rgl/Facture 2361288 ESPECD4          1695ES00    0             0361288                   0                       0                       0                       0                       0             
LS 2018C01000008031310/07/2018094848AGR4111000000108380409/07/201809/07/201809/07/201801373663Rgl/Fact  2361289        C4           399  00    0             0361289                   0                       0                       0                       0                       0             
LS 2018C01000008031310/07/2018094848RGL5311030100108380409/07/201809/07/201809/07/201801373663Rgl/Facture 2361289 CARTED4           399CB00    0             0361289                   0                       0                       0                       0                       0             
LS 2018C01000008031310/07/2018094848AGR4111000000108380409/07/201809/07/201809/07/201801373664Rgl/Fact  2361290        C4          2890  00    0             0361290                   0                       0                       0                       0                       0             
LS 2018C01000008031310/07/2018094848RGL5311030100108380409/07/201809/07/201809/07/201801373664Rgl/Facture 2361290 CARTED4          2890CB00    0             0361290                   0                       0                       0                       0                       0             
LS 2018C01000008031310/07/2018094848AGR4111000000108380409/07/201809/07/201809/07/201801373665Rgl/Fact  2361291        C4          3199  00    0             0361291                   0                       0                       0                       0                       0             
LS 2018C01000008031310/07/2018094848RGL5311030100108380409/07/201809/07/201809/07/201801373665Rgl/Facture 2361291 ESPECD4          3199ES00    0             0361291                   0                       0                       0                       0                       0             
LS 2018C01000008031310/07/2018094848AGR4111000000108380409/07/201809/07/201809/07/201801373666Rgl/Fact  2361292        C4          7535  00    0             0361292                   0                       0                       0                       0                       0             
LS 2018C01000008031310/07/2018094848RGL5311030100108380409/07/201809/07/201809/07/201801373666Rgl/Facture 2361292 CARTED4          7535CB00    0             0361292                   0                       0                       0                       0                       0             
LS 2018C01000008031310/07/2018094848AGR4111000000108380409/07/201809/07/201809/07/201801373667Rgl/Fact  2361293        C4           799  00    0             0361293                   0                       0                       0                       0                       0             
LS 2018C01000008031310/07/2018094848RGL5311030100108380409/07/201809/07/201809/07/201801373667Rgl/Facture 2361293 ESPECD4           799ES00    0             0361293                   0                       0                       0                       0                       0             
LS 2018C01000008031310/07/2018094848AGR4111000000108380409/07/201809/07/201809/07/201801373668Rgl/Fact  2361294        C4          1407  00    0             0361294                   0                       0                       0                       0                       0             
LS 2018C01000008031310/07/2018094848RGL5311030100108380409/07/201809/07/201809/07/201801373668Rgl/Facture 2361294 CARTED4          1407CB00    0             0361294                   0                       0                       0                       0                       0             
LS 2018C01000008031310/07/2018094848AGR4111000000108380409/07/201809/07/201809/07/201801373669Rgl/Fact  2361295        C4          6588  00    0             0361295                   0                       0                       0                       0                       0             
LS 2018C01000008031310/07/2018094848RGL5311030100108380409/07/201809/07/201809/07/201801373669Rgl/Facture 2361295 CHEQUD4          6588CH00    0             0361295                   0                       0                       0                       0                       0             
LS 2018C01000008031310/07/2018094848AGR4111000000108380409/07/201809/07/201809/07/201801373670Rgl/Fact  2361296        C4           500  00    0             0361296                   0                       0                       0                       0                       0             
LS 2018C01000008031310/07/2018094848RGL5311030100108380409/07/201809/07/201809/07/201801373670Rgl/Facture 2361296 ESPECD4           500ES00    0             0361296                   0                       0                       0                       0                       0             
LS 2018C01000008031310/07/2018094848AGR4111000000108380409/07/201809/07/201809/07/201801373671Rgl/Fact  2361297        C4           798  00    0             0361297                   0                       0                       0                       0                       0             
LS 2018C01000008031310/07/2018094848RGL5311030100108380409/07/201809/07/201809/07/201801373671Rgl/Facture 2361297 ESPECD4           798ES00    0             0361297                   0                       0                       0                       0                       0             
LS 2018C01000008031310/07/2018094848AGR4111000000108380409/07/201809/07/201809/07/201801373672Rgl/Fact  2361298        C4           601  00    0             0361298                   0                       0                       0                       0                       0             
LS 2018C01000008031310/07/2018094848RGL5311030100108380409/07/201809/07/201809/07/201801373672Rgl/Facture 2361298 ESPECD4           601ES00    0             0361298                   0                       0                       0                       0                       0             
LS 2018C01000008031310/07/2018094848AGR4111000000108380409/07/201809/07/201809/07/201801373673Rgl/Fact  2361299        C4           799  00    0             0361299                   0                       0                       0                       0                       0             
LS 2018C01000008031310/07/2018094848RGL5311030100108380409/07/201809/07/201809/07/201801373673Rgl/Facture 2361299 ESPECD4           799ES00    0             0361299                   0                       0                       0                       0                       0             
LS 2018C01000008031310/07/2018094848AGR4111000000108380409/07/201809/07/201809/07/201801373674Rgl/Fact  2361300        C4          6090  00    0             0361300                   0                       0                       0                       0                       0             
LS 2018C01000008031310/07/2018094848RGL5311030100108380409/07/201809/07/201809/07/201801373674Rgl/Facture 2361300 CARTED4          6090CB00    0             0361300                   0                       0                       0                       0                       0             
LS 2018C01000008031310/07/2018094848AGR4111000000108380409/07/201809/07/201809/07/201801373675Rgl/Fact  2361301        C4            30  00    0             0361301                   0                       0                       0                       0                       0             
LS 2018C01000008031310/07/2018094848RGL5311030100108380409/07/201809/07/201809/07/201801373675Rgl/Facture 2361301 ESPECD4            30ES00    0             0361301                   0                       0                       0                       0                       0             
LS 2018C01000008031310/07/2018094848AGR4111000000108380409/07/201809/07/201809/07/201801373676Rgl/Fact  2361302        C4          1389  00    0             0361302                   0                       0                       0                       0                       0             
LS 2018C01000008031310/07/2018094848RGL5311030100108380409/07/201809/07/201809/07/201801373676Rgl/Facture 2361302 ESPECD4          1389ES00    0             0361302                   0                       0                       0                       0                       0             
LS 2018C01000008031310/07/2018094848AGR4111000000108380409/07/201809/07/201809/07/201801373677Rgl/Fact  2361303        C4          3982  00    0             0361303                   0                       0                       0                       0                       0             
LS 2018C01000008031310/07/2018094848RGL5311030100108380409/07/201809/07/201809/07/201801373677Rgl/Facture 2361303 ESPECD4          3982ES00    0             0361303                   0                       0                       0                       0                       0             
LS 2018C01000008031310/07/2018094848AGR4111000000108380409/07/201809/07/201809/07/201801373678Rgl/Fact  2361304        C4           818  00    0             0361304                   0                       0                       0                       0                       0             
LS 2018C01000008031310/07/2018094848RGL5311030100108380409/07/201809/07/201809/07/201801373678Rgl/Facture 2361304 ESPECD4           818ES00    0             0361304                   0                       0                       0                       0                       0             
LS 2018C01000008031310/07/2018094848AGR4111000000108380409/07/201809/07/201809/07/201801373679Rgl/Fact  2361305        C4          1392  00    0             0361305                   0                       0                       0                       0                       0             
LS 2018C01000008031310/07/2018094848RGL5311030100108380409/07/201809/07/201809/07/201801373679Rgl/Facture 2361305 ESPECD4          1392ES00    0             0361305                   0                       0                       0                       0                       0             
LS 2018C01000008031310/07/2018094848AGR4111000000108380409/07/201809/07/201809/07/201801373680Rgl/Fact  2361306        C4           399  00    0             0361306                   0                       0                       0                       0                       0             
LS 2018C01000008031310/07/2018094848RGL5311030100108380409/07/201809/07/201809/07/201801373680Rgl/Facture 2361306 ESPECD4           399ES00    0             0361306                   0                       0                       0                       0                       0             
LS 2018C01000008031310/07/2018094848AGR4111000000108380409/07/201809/07/201809/07/201801373681Rgl/Fact  2361307        C4         12934  00    0             0361307                   0                       0                       0                       0                       0             
LS 2018C01000008031310/07/2018094848RGL5311030100108380409/07/201809/07/201809/07/201801373681Rgl/Facture 2361307 ESPECD4         12934ES00    0             0361307                   0                       0                       0                       0                       0             
LS 2018C01000008031310/07/2018094848AGR4111000000108380409/07/201809/07/201809/07/201801373682Rgl/Fact  2361308        C4          1336  00    0             0361308                   0                       0                       0                       0                       0             
LS 2018C01000008031310/07/2018094848RGL5311030100108380409/07/201809/07/201809/07/201801373682Rgl/Facture 2361308 ESPECD4          1336ES00    0             0361308                   0                       0                       0                       0                       0             
LS 2018C01000008031310/07/2018094848AGR4111000000108380409/07/201809/07/201809/07/201801373683Rgl/Fact  2361309        C4           329  00    0             0361309                   0                       0                       0                       0                       0             
LS 2018C01000008031310/07/2018094848RGL5311030100108380409/07/201809/07/201809/07/201801373683Rgl/Facture 2361309 ESPECD4           329ES00    0             0361309                   0                       0                       0                       0                       0             
LS 2018C01000008031310/07/2018094848AGR4111000000108380409/07/201809/07/201809/07/201801373684Rgl/Fact  2361310        C4          1199  00    0             0361310                   0                       0                       0                       0                       0             
LS 2018C01000008031310/07/2018094848RGL5311030100108380409/07/201809/07/201809/07/201801373684Rgl/Facture 2361310 CARTED4          1199CB00    0             0361310                   0                       0                       0                       0                       0             
LS 2018C01000008031310/07/2018094848AGR4111000000108380409/07/201809/07/201809/07/201801373685Rgl/Fact  2361311        C4          2975  00    0             0361311                   0                       0                       0                       0                       0             
LS 2018C01000008031310/07/2018094848RGL5311030100108380409/07/201809/07/201809/07/201801373685Rgl/Facture 2361311 CARTED4          2975CB00    0             0361311                   0                       0                       0                       0                       0             
LS 2018C01000008031310/07/2018094848AGR4111000000108380409/07/201809/07/201809/07/201801373686Rgl/Fact  2361312        C4          2759  00    0             0361312                   0                       0                       0                       0                       0             
LS 2018C01000008031310/07/2018094848RGL5311030100108380409/07/201809/07/201809/07/201801373686Rgl/Facture 2361312 CARTED4          2759CB00    0             0361312                   0                       0                       0                       0                       0             
LS 2018C01000008031310/07/2018094848AGR4111000000108380409/07/201809/07/201809/07/201801373687Rgl/Fact  2361313        C4          2299  00    0             0361313                   0                       0                       0                       0                       0             
LS 2018C01000008031310/07/2018094848RGL5311030100108380409/07/201809/07/201809/07/201801373687Rgl/Facture 2361313 ESPECD4          2299ES00    0             0361313                   0                       0                       0                       0                       0             
LS 2018C01000008031310/07/2018094848AGR4111000000108380409/07/201809/07/201809/07/201801373688Rgl/Fact  2361314        C4          2718  00    0             0361314                   0                       0                       0                       0                       0             
LS 2018C01000008031310/07/2018094848RGL5311030100108380409/07/201809/07/201809/07/201801373688Rgl/Facture 2361314 CARTED4          2718CB00    0             0361314                   0                       0                       0                       0                       0             
LS 2018C01000008031310/07/2018094848AGR4111000000108380409/07/201809/07/201809/07/201801373689Rgl/Fact  2361315        C4          3223  00    0             0361315                   0                       0                       0                       0                       0             
LS 2018C01000008031310/07/2018094848RGL5311030100108380409/07/201809/07/201809/07/201801373689Rgl/Facture 2361315 ESPECD4          3223ES00    0             0361315                   0                       0                       0                       0                       0             
LS 2018C01000008031310/07/2018094848AGR4111000000108380409/07/201809/07/201809/07/201801373690Rgl/Fact  2361316        C4          1209  00    0             0361316                   0                       0                       0                       0                       0             
LS 2018C01000008031310/07/2018094848RGL5311030100108380409/07/201809/07/201809/07/201801373690Rgl/Facture 2361316 CARTED4          1209CB00    0             0361316                   0                       0                       0                       0                       0             
LS 2018C01000008031310/07/2018094848AGR4111000000108380409/07/201809/07/201809/07/201801373691Rgl/Fact  2361317        C4          3412  00    0             0361317                   0                       0                       0                       0                       0             
LS 2018C01000008031310/07/2018094848RGL5311030100108380409/07/201809/07/201809/07/201801373691Rgl/Facture 2361317 CARTED4          3412CB00    0             0361317                   0                       0                       0                       0                       0             
LS 2018C01000008031310/07/2018094848AGR4111000000108380409/07/201809/07/201809/07/201801373692Rgl/Fact  2361318        C4           435  00    0             0361318                   0                       0                       0                       0                       0             
LS 2018C01000008031310/07/2018094848RGL5311030100108380409/07/201809/07/201809/07/201801373692Rgl/Facture 2361318 ESPECD4           435ES00    0             0361318                   0                       0                       0                       0                       0             
LS 2018C01000008031310/07/2018094848AGR4111000000108380409/07/201809/07/201809/07/201801373693Rgl/Avoir  2361319       D4           959  00    0             0361319                   0                       0                       0                       0                       0             
LS 2018C01000008031310/07/2018094848RGL4197000000108380409/07/201809/07/201809/07/201801373693Rgl/Facture 2361319 AVOIRC4           959BA00    0             0361319                   0                       0                       0                       0                       0             
LS 2018C01000008031310/07/2018094848AGR4111000000108380409/07/201809/07/201809/07/201801373694Rgl/Fact  2361320        C4          1309  00    0             0361320                   0                       0                       0                       0                       0             
LS 2018C01000008031310/07/2018094848RGL4197000000108380409/07/201809/07/201809/07/201801373694Rgl/Facture 2361319 AVOIRD4           959AV00    0             0361320                   0                       0                       0                       0                       0             
LS 2018C01000008031310/07/2018094848RGL5311030100108380409/07/201809/07/201809/07/201801373694Rgl/Facture 2361320 ESPECD4           350ES00    0             0361320                   0                       0                       0                       0                       0             
LS 2018C01000008031310/07/2018094848AGR4111000000108380409/07/201809/07/201809/07/201801373695Rgl/Fact  2361321        C4          1516  00    0             0361321                   0                       0                       0                       0                       0             
LS 2018C01000008031310/07/2018094848RGL5311030100108380409/07/201809/07/201809/07/201801373695Rgl/Facture 2361321 CARTED4          1516CB00    0             0361321                   0                       0                       0                       0                       0             
LS 2018C01000008031310/07/2018094848AGR4111000000108380409/07/201809/07/201809/07/201801373696Rgl/Fact  2361322        C4          1190  00    0             0361322                   0                       0                       0                       0                       0             
LS 2018C01000008031310/07/2018094848RGL5311030100108380409/07/201809/07/201809/07/201801373696Rgl/Facture 2361322 CARTED4          1190CB00    0             0361322                   0                       0                       0                       0                       0             
LS 2018C01000008031310/07/2018094848AGR4111000000108380409/07/201809/07/201809/07/201801373697Rgl/Fact  2361323        C4          9344  00    0             0361323                   0                       0                       0                       0                       0             
LS 2018C01000008031310/07/2018094848RGL5311030100108380409/07/201809/07/201809/07/201801373697Rgl/Facture 2361323 CARTED4          9344CB00    0             0361323                   0                       0                       0                       0                       0             
LS 2018C01000008031310/07/2018094848AGR4111000000108380409/07/201809/07/201809/07/201801373698Rgl/Fact  2361324        C4          2360  00    0             0361324                   0                       0                       0                       0                       0             
LS 2018C01000008031310/07/2018094848RGL5311030100108380409/07/201809/07/201809/07/201801373698Rgl/Facture 2361324 CARTED4          2360CB00    0             0361324                   0                       0                       0                       0                       0             
LS 2018C01000008031310/07/2018094848AGR4111000000925467409/07/201809/07/201809/07/201801373611Rgl/Fact  2361237        C4          1604  00    0             0361237                   0                       0                       0                       0                       0             
LS 2018C01000008031310/07/2018094848RGL5311030100925467409/07/201809/07/201809/07/201801373611Rgl/Facture 2361237 CARTED4          1604CB00    0             0361237                   0                       0                       0                       0                       0             
LS 2018C01000008031310/07/2018094848AGR4111000002210075809/07/201809/07/201809/07/201801373648Rgl/Fact  2361274        C4           703  00    0             0361274                   0                       0                       0                       0                       0             
LS 2018C01000008031310/07/2018094848RGL5311030102210075809/07/201809/07/201809/07/201801373648Rgl/Facture 2361274 CARTED4           703CB00    0             0361274                   0                       0                       0                       0                       0             
LS 2018C01000008031310/07/2018094848RGL5820000001083804 09/07/201809/07/201809/07/201801373702301/Remise CH  3388054   D4         18304CH00    0             0388054                   0                       0                       0                       0                       0             
LS 2018C01000008031310/07/2018094848RGL531103010        09/07/201809/07/201809/07/201801373702301/Remise CH  3388054 CHC4         18304CH00    0             0388054                   0                       0                       0                       0                       0             
LS 2018C01000008031310/07/2018094848RGL5830000001083804 09/07/201809/07/201809/07/201801373703301/Remise CB            D4        209980CB00    0             0000000                   0                       0                       0                       0                       0             
LS 2018C01000008031310/07/2018094848RGL531103010        09/07/201809/07/201809/07/201801373703301/Remise CB   CARTE    C4        209980CB00    0             0000000                   0                       0                       0                       0                       0             
