LS 2018C95000008034010/07/2018094939AGR4111000000108380809/07/201809/07/201809/07/201801874459Rgl/Fact  2864173        C4          3127  00    0             0864173                   0                       0                       0                       0                       0             
LS 2018C95000008034010/07/2018094939RGL5311039500108380809/07/201809/07/201809/07/201801874459Rgl/Facture 2864173 ESPECD4          3127ES00    0             0864173                   0                       0                       0                       0                       0             
LS 2018C95000008034010/07/2018094939AGR4111000000108380809/07/201809/07/201809/07/201801874460Rgl/Fact  2864174        C4          3845  00    0             0864174                   0                       0                       0                       0                       0             
LS 2018C95000008034010/07/2018094939RGL5311039500108380809/07/201809/07/201809/07/201801874460Rgl/Facture 2864174 CARTED4          3845CB00    0             0864174                   0                       0                       0                       0                       0             
LS 2018C95000008034010/07/2018094939AGR4111000000108380809/07/201809/07/201809/07/201801874461Rgl/Fact  2864175        C4          3998  00    0             0864175                   0                       0                       0                       0                       0             
LS 2018C95000008034010/07/2018094939RGL5311039500108380809/07/201809/07/201809/07/201801874461Rgl/Facture 2864175 CARTED4          3998CB00    0             0864175                   0                       0                       0                       0                       0             
LS 2018C95000008034010/07/2018094939AGR4111000000108380809/07/201809/07/201809/07/201801874462Rgl/Fact  2864176        C4          1557  00    0             0864176                   0                       0                       0                       0                       0             
LS 2018C95000008034010/07/2018094939RGL5311039500108380809/07/201809/07/201809/07/201801874462Rgl/Facture 2864176 CARTED4          1557CB00    0             0864176                   0                       0                       0                       0                       0             
LS 2018C95000008034010/07/2018094939AGR4111000000108380809/07/201809/07/201809/07/201801874463Rgl/Fact  2864177        C4          1565  00    0             0864177                   0                       0                       0                       0                       0             
LS 2018C95000008034010/07/2018094939RGL5311039500108380809/07/201809/07/201809/07/201801874463Rgl/Facture 2864177 ESPECD4          1565ES00    0             0864177                   0                       0                       0                       0                       0             
LS 2018C95000008034010/07/2018094939AGR4111000000108380809/07/201809/07/201809/07/201801874464Rgl/Fact  2864178        C4          3997  00    0             0864178                   0                       0                       0                       0                       0             
LS 2018C95000008034010/07/2018094939RGL5311039500108380809/07/201809/07/201809/07/201801874464Rgl/Facture 2864178 CHEQUD4          3997CH00    0             0864178                   0                       0                       0                       0                       0             
LS 2018C95000008034010/07/2018094939AGR4111000000108380809/07/201809/07/201809/07/201801874465Rgl/Fact  2864179        C4          4497  00    0             0864179                   0                       0                       0                       0                       0             
LS 2018C95000008034010/07/2018094939RGL5311039500108380809/07/201809/07/201809/07/201801874465Rgl/Facture 2864179 CARTED4          4497CB00    0             0864179                   0                       0                       0                       0                       0             
LS 2018C95000008034010/07/2018094939AGR4111000000108380809/07/201809/07/201809/07/201801874466Rgl/Fact  2864180        C4          1533  00    0             0864180                   0                       0                       0                       0                       0             
LS 2018C95000008034010/07/2018094939RGL5311039500108380809/07/201809/07/201809/07/201801874466Rgl/Facture 2864180 CARTED4          1533CB00    0             0864180                   0                       0                       0                       0                       0             
LS 2018C95000008034010/07/2018094939AGR4111000000108380809/07/201809/07/201809/07/201801874467Rgl/Avoir  2864181       D4          3599  00    0             0864181                   0                       0                       0                       0                       0             
LS 2018C95000008034010/07/2018094939RGL5311039500108380809/07/201809/07/201809/07/201801874467Rgl/Facture 2864181 CARTEC4          3599CB00    0             0864181                   0                       0                       0                       0                       0             
LS 2018C95000008034010/07/2018094939AGR4111000000108380809/07/201809/07/201809/07/201801874468Rgl/Fact  2864182        C4            95  00    0             0864182                   0                       0                       0                       0                       0             
LS 2018C95000008034010/07/2018094939RGL5311039500108380809/07/201809/07/201809/07/201801874468Rgl/Facture 2864182 ESPECD4            95ES00    0             0864182                   0                       0                       0                       0                       0             
LS 2018C95000008034010/07/2018094939AGR4111000000108380809/07/201809/07/201809/07/201801874469Rgl/Fact  2864183        C4          1135  00    0             0864183                   0                       0                       0                       0                       0             
LS 2018C95000008034010/07/2018094939RGL5311039500108380809/07/201809/07/201809/07/201801874469Rgl/Facture 2864183 ESPECD4          1135ES00    0             0864183                   0                       0                       0                       0                       0             
LS 2018C95000008034010/07/2018094939AGR4111000000108380809/07/201809/07/201809/07/201801874470Rgl/Fact  2864184        C4           849  00    0             0864184                   0                       0                       0                       0                       0             
LS 2018C95000008034010/07/2018094939RGL5311039500108380809/07/201809/07/201809/07/201801874470Rgl/Facture 2864184 ESPECD4           849ES00    0             0864184                   0                       0                       0                       0                       0             
LS 2018C95000008034010/07/2018094939AGR4111000000108380809/07/201809/07/201809/07/201801874471Rgl/Fact  2864185        C4          1450  00    0             0864185                   0                       0                       0                       0                       0             
LS 2018C95000008034010/07/2018094939RGL5311039500108380809/07/201809/07/201809/07/201801874471Rgl/Facture 2864185 CARTED4          1450CB00    0             0864185                   0                       0                       0                       0                       0             
LS 2018C95000008034010/07/2018094939AGR4111000000108380809/07/201809/07/201809/07/201801874472Rgl/Fact  2864186        C4           640  00    0             0864186                   0                       0                       0                       0                       0             
LS 2018C95000008034010/07/2018094939RGL5311039500108380809/07/201809/07/201809/07/201801874472Rgl/Facture 2864186 ESPECD4           640ES00    0             0864186                   0                       0                       0                       0                       0             
LS 2018C95000008034010/07/2018094939AGR4111000000108380809/07/201809/07/201809/07/201801874473Rgl/Fact  2864187        C4          4049  00    0             0864187                   0                       0                       0                       0                       0             
LS 2018C95000008034010/07/2018094939RGL5311039500108380809/07/201809/07/201809/07/201801874473Rgl/Facture 2864187 ESPECD4          4049ES00    0             0864187                   0                       0                       0                       0                       0             
LS 2018C95000008034010/07/2018094939AGR4111000000108380809/07/201809/07/201809/07/201801874474Rgl/Fact  2864188        C4           929  00    0             0864188                   0                       0                       0                       0                       0             
LS 2018C95000008034010/07/2018094939RGL5311039500108380809/07/201809/07/201809/07/201801874474Rgl/Facture 2864188 ESPECD4           929ES00    0             0864188                   0                       0                       0                       0                       0             
LS 2018C95000008034010/07/2018094939AGR4111000000108380809/07/201809/07/201809/07/201801874475Rgl/Fact  2864189        C4          4694  00    0             0864189                   0                       0                       0                       0                       0             
LS 2018C95000008034010/07/2018094939RGL5311039500108380809/07/201809/07/201809/07/201801874475Rgl/Facture 2864189 CARTED4          4694CB00    0             0864189                   0                       0                       0                       0                       0             
LS 2018C95000008034010/07/2018094939AGR4111000000108380809/07/201809/07/201809/07/201801874476Rgl/Fact  2864190        C4          3797  00    0             0864190                   0                       0                       0                       0                       0             
LS 2018C95000008034010/07/2018094939RGL5311039500108380809/07/201809/07/201809/07/201801874476Rgl/Facture 2864190 CARTED4          3797CB00    0             0864190                   0                       0                       0                       0                       0             
LS 2018C95000008034010/07/2018094939AGR4111000000108380809/07/201809/07/201809/07/201801874477Rgl/Fact  2864191        C4          6095  00    0             0864191                   0                       0                       0                       0                       0             
LS 2018C95000008034010/07/2018094939RGL5311039500108380809/07/201809/07/201809/07/201801874477Rgl/Facture 2864191 CARTED4          6095CB00    0             0864191                   0                       0                       0                       0                       0             
LS 2018C95000008034010/07/2018094939AGR4111000000108380809/07/201809/07/201809/07/201801874478Rgl/Fact  2864192        C4          1349  00    0             0864192                   0                       0                       0                       0                       0             
LS 2018C95000008034010/07/2018094939RGL5311039500108380809/07/201809/07/201809/07/201801874478Rgl/Facture 2864192 ESPECD4          1349ES00    0             0864192                   0                       0                       0                       0                       0             
LS 2018C95000008034010/07/2018094939AGR4111000000108380809/07/201809/07/201809/07/201801874479Rgl/Fact  2864193        C4           468  00    0             0864193                   0                       0                       0                       0                       0             
LS 2018C95000008034010/07/2018094939RGL5311039500108380809/07/201809/07/201809/07/201801874479Rgl/Facture 2864193 ESPECD4           468ES00    0             0864193                   0                       0                       0                       0                       0             
LS 2018C95000008034010/07/2018094939AGR4111000000108380809/07/201809/07/201809/07/201801874480Rgl/Fact  2864194        C4          1748  00    0             0864194                   0                       0                       0                       0                       0             
LS 2018C95000008034010/07/2018094939RGL5311039500108380809/07/201809/07/201809/07/201801874480Rgl/Facture 2864194 CARTED4          1748CB00    0             0864194                   0                       0                       0                       0                       0             
LS 2018C95000008034010/07/2018094939AGR4111000000108380809/07/201809/07/201809/07/201801874481Rgl/Fact  2864195        C4          1525  00    0             0864195                   0                       0                       0                       0                       0             
LS 2018C95000008034010/07/2018094939RGL5311039500108380809/07/201809/07/201809/07/201801874481Rgl/Facture 2864195 CARTED4          1525CB00    0             0864195                   0                       0                       0                       0                       0             
LS 2018C95000008034010/07/2018094939AGR4111000000108380809/07/201809/07/201809/07/201801874482Rgl/Fact  2864196        C4          2486  00    0             0864196                   0                       0                       0                       0                       0             
LS 2018C95000008034010/07/2018094939RGL5311039500108380809/07/201809/07/201809/07/201801874482Rgl/Facture 2864196 ESPECD4          2486ES00    0             0864196                   0                       0                       0                       0                       0             
LS 2018C95000008034010/07/2018094939AGR4111000000108380809/07/201809/07/201809/07/201801874483Rgl/Fact  2864197        C4           749  00    0             0864197                   0                       0                       0                       0                       0             
LS 2018C95000008034010/07/2018094939RGL5311039500108380809/07/201809/07/201809/07/201801874483Rgl/Facture 2864197 ESPECD4           749ES00    0             0864197                   0                       0                       0                       0                       0             
LS 2018C95000008034010/07/2018094939AGR4111000000108380809/07/201809/07/201809/07/201801874484Rgl/Fact  2864198        C4          3190  00    0             0864198                   0                       0                       0                       0                       0             
LS 2018C95000008034010/07/2018094939RGL5311039500108380809/07/201809/07/201809/07/201801874484Rgl/Facture 2864198 CARTED4          3190CB00    0             0864198                   0                       0                       0                       0                       0             
LS 2018C95000008034010/07/2018094939AGR4111000000108380809/07/201809/07/201809/07/201801874485Rgl/Fact  2864199        C4          1798  00    0             0864199                   0                       0                       0                       0                       0             
LS 2018C95000008034010/07/2018094939RGL5311039500108380809/07/201809/07/201809/07/201801874485Rgl/Facture 2864199 ESPECD4          1798ES00    0             0864199                   0                       0                       0                       0                       0             
LS 2018C95000008034010/07/2018094939AGR4111000000108380809/07/201809/07/201809/07/201801874486Rgl/Fact  2864200        C4          1116  00    0             0864200                   0                       0                       0                       0                       0             
LS 2018C95000008034010/07/2018094939RGL5311039500108380809/07/201809/07/201809/07/201801874486Rgl/Facture 2864200 ESPECD4          1116ES00    0             0864200                   0                       0                       0                       0                       0             
LS 2018C95000008034010/07/2018094939AGR4111000000108380809/07/201809/07/201809/07/201801874487Rgl/Fact  2864201        C4          2031  00    0             0864201                   0                       0                       0                       0                       0             
LS 2018C95000008034010/07/2018094939RGL5311039500108380809/07/201809/07/201809/07/201801874487Rgl/Facture 2864201 CHEQUD4          2031CH00    0             0864201                   0                       0                       0                       0                       0             
LS 2018C95000008034010/07/2018094939AGR4111000000108380809/07/201809/07/201809/07/201801874488Rgl/Fact  2864202        C4          3048  00    0             0864202                   0                       0                       0                       0                       0             
LS 2018C95000008034010/07/2018094939RGL5311039500108380809/07/201809/07/201809/07/201801874488Rgl/Facture 2864202 CARTED4          3048CB00    0             0864202                   0                       0                       0                       0                       0             
LS 2018C95000008034010/07/2018094939AGR4111000000108380809/07/201809/07/201809/07/201801874489Rgl/Fact  2864203        C4          1958  00    0             0864203                   0                       0                       0                       0                       0             
LS 2018C95000008034010/07/2018094939RGL5311039500108380809/07/201809/07/201809/07/201801874489Rgl/Facture 2864203 ESPECD4          1958ES00    0             0864203                   0                       0                       0                       0                       0             
LS 2018C95000008034010/07/2018094940AGR4111000000108380809/07/201809/07/201809/07/201801874490Rgl/Fact  2864204        C4          3246  00    0             0864204                   0                       0                       0                       0                       0             
LS 2018C95000008034010/07/2018094940RGL5311039500108380809/07/201809/07/201809/07/201801874490Rgl/Facture 2864204 CARTED4          3246CB00    0             0864204                   0                       0                       0                       0                       0             
LS 2018C95000008034010/07/2018094940AGR4111000000108380809/07/201809/07/201809/07/201801874491Rgl/Fact  2864205        C4           589  00    0             0864205                   0                       0                       0                       0                       0             
LS 2018C95000008034010/07/2018094940RGL5311039500108380809/07/201809/07/201809/07/201801874491Rgl/Facture 2864205 CARTED4           589CB00    0             0864205                   0                       0                       0                       0                       0             
LS 2018C95000008034010/07/2018094940AGR4111000000108380809/07/201809/07/201809/07/201801874492Rgl/Fact  2864206        C4          2200  00    0             0864206                   0                       0                       0                       0                       0             
LS 2018C95000008034010/07/2018094940RGL5311039500108380809/07/201809/07/201809/07/201801874492Rgl/Facture 2864206 ESPECD4          2200ES00    0             0864206                   0                       0                       0                       0                       0             
LS 2018C95000008034010/07/2018094940AGR4111000000108380809/07/201809/07/201809/07/201801874493Rgl/Fact  2864207        C4           899  00    0             0864207                   0                       0                       0                       0                       0             
LS 2018C95000008034010/07/2018094940RGL5311039500108380809/07/201809/07/201809/07/201801874493Rgl/Facture 2864207 CARTED4           899CB00    0             0864207                   0                       0                       0                       0                       0             
LS 2018C95000008034010/07/2018094940AGR4111000000108380809/07/201809/07/201809/07/201801874494Rgl/Fact  2864208        C4           999  00    0             0864208                   0                       0                       0                       0                       0             
LS 2018C95000008034010/07/2018094940RGL5311039500108380809/07/201809/07/201809/07/201801874494Rgl/Facture 2864208 CARTED4           999CB00    0             0864208                   0                       0                       0                       0                       0             
LS 2018C95000008034010/07/2018094940AGR4111000000108380809/07/201809/07/201809/07/201801874495Rgl/Fact  2864209        C4          2293  00    0             0864209                   0                       0                       0                       0                       0             
LS 2018C95000008034010/07/2018094940RGL5311039500108380809/07/201809/07/201809/07/201801874495Rgl/Facture 2864209 CARTED4          2293CB00    0             0864209                   0                       0                       0                       0                       0             
LS 2018C95000008034010/07/2018094940AGR4111000000108380809/07/201809/07/201809/07/201801874496Rgl/Fact  2864210        C4          2097  00    0             0864210                   0                       0                       0                       0                       0             
LS 2018C95000008034010/07/2018094940RGL5311039500108380809/07/201809/07/201809/07/201801874496Rgl/Facture 2864210 CARTED4          2097CB00    0             0864210                   0                       0                       0                       0                       0             
LS 2018C95000008034010/07/2018094940AGR4111000000108380809/07/201809/07/201809/07/201801874497Rgl/Fact  2864211        C4          3990  00    0             0864211                   0                       0                       0                       0                       0             
LS 2018C95000008034010/07/2018094940RGL5311039500108380809/07/201809/07/201809/07/201801874497Rgl/Facture 2864211 CARTED4          3990CB00    0             0864211                   0                       0                       0                       0                       0             
LS 2018C95000008034010/07/2018094940AGR4111000000108380809/07/201809/07/201809/07/201801874498Rgl/Fact  2864212        C4          1299  00    0             0864212                   0                       0                       0                       0                       0             
LS 2018C95000008034010/07/2018094940RGL5311039500108380809/07/201809/07/201809/07/201801874498Rgl/Facture 2864212 CARTED4          1299CB00    0             0864212                   0                       0                       0                       0                       0             
LS 2018C95000008034010/07/2018094940AGR4111000000108380809/07/201809/07/201809/07/201801874499Rgl/Fact  2864213        C4          8786  00    0             0864213                   0                       0                       0                       0                       0             
LS 2018C95000008034010/07/2018094940RGL5311039500108380809/07/201809/07/201809/07/201801874499Rgl/Facture 2864213 CARTED4          8786CB00    0             0864213                   0                       0                       0                       0                       0             
LS 2018C95000008034010/07/2018094940AGR4111000000108380809/07/201809/07/201809/07/201801874500Rgl/Fact  2864214        C4          2769  00    0             0864214                   0                       0                       0                       0                       0             
LS 2018C95000008034010/07/2018094940RGL5311039500108380809/07/201809/07/201809/07/201801874500Rgl/Facture 2864214 CARTED4          2769CB00    0             0864214                   0                       0                       0                       0                       0             
LS 2018C95000008034010/07/2018094940AGR4111000000108380809/07/201809/07/201809/07/201801874501Rgl/Fact  2864215        C4          1998  00    0             0864215                   0                       0                       0                       0                       0             
LS 2018C95000008034010/07/2018094940RGL5311039500108380809/07/201809/07/201809/07/201801874501Rgl/Facture 2864215 CARTED4          1998CB00    0             0864215                   0                       0                       0                       0                       0             
LS 2018C95000008034010/07/2018094940AGR4111000000108380809/07/201809/07/201809/07/201801874502Rgl/Fact  2864216        C4          1229  00    0             0864216                   0                       0                       0                       0                       0             
LS 2018C95000008034010/07/2018094940RGL5311039500108380809/07/201809/07/201809/07/201801874502Rgl/Facture 2864216 ESPECD4          1229ES00    0             0864216                   0                       0                       0                       0                       0             
LS 2018C95000008034010/07/2018094940AGR4111000000108380809/07/201809/07/201809/07/201801874503Rgl/Avoir  2864217       D4           649  00    0             0864217                   0                       0                       0                       0                       0             
LS 2018C95000008034010/07/2018094940RGL5311039500108380809/07/201809/07/201809/07/201801874503Rgl/Facture 2864217 CARTEC4           649CB00    0             0864217                   0                       0                       0                       0                       0             
LS 2018C95000008034010/07/2018094940AGR4111000000108380809/07/201809/07/201809/07/201801874504Rgl/Fact  2864218        C4          2099  00    0             0864218                   0                       0                       0                       0                       0             
LS 2018C95000008034010/07/2018094940RGL5311039500108380809/07/201809/07/201809/07/201801874504Rgl/Facture 2864218 ESPECD4          2099ES00    0             0864218                   0                       0                       0                       0                       0             
LS 2018C95000008034010/07/2018094940AGR4111000000108380809/07/201809/07/201809/07/201801874505Rgl/Fact  2864219        C4          9187  00    0             0864219                   0                       0                       0                       0                       0             
LS 2018C95000008034010/07/2018094940RGL5311039500108380809/07/201809/07/201809/07/201801874505Rgl/Facture 2864219 CARTED4          9187CB00    0             0864219                   0                       0                       0                       0                       0             
LS 2018C95000008034010/07/2018094940AGR4111000000108380809/07/201809/07/201809/07/201801874506Rgl/Fact  2864220        C4          3406  00    0             0864220                   0                       0                       0                       0                       0             
LS 2018C95000008034010/07/2018094940RGL5311039500108380809/07/201809/07/201809/07/201801874506Rgl/Facture 2864220 CARTED4          3406CB00    0             0864220                   0                       0                       0                       0                       0             
LS 2018C95000008034010/07/2018094940AGR4111000000108380809/07/201809/07/201809/07/201801874507Rgl/Fact  2864221        C4          5528  00    0             0864221                   0                       0                       0                       0                       0             
LS 2018C95000008034010/07/2018094940RGL5311039500108380809/07/201809/07/201809/07/201801874507Rgl/Facture 2864221 CARTED4          5528CB00    0             0864221                   0                       0                       0                       0                       0             
LS 2018C95000008034010/07/2018094940AGR4111000000108380809/07/201809/07/201809/07/201801874508Rgl/Fact  2864222        C4          4128  00    0             0864222                   0                       0                       0                       0                       0             
LS 2018C95000008034010/07/2018094940RGL5311039500108380809/07/201809/07/201809/07/201801874508Rgl/Facture 2864222 ESPECD4          4128ES00    0             0864222                   0                       0                       0                       0                       0             
LS 2018C95000008034010/07/2018094940AGR4111000000108380809/07/201809/07/201809/07/201801874509Rgl/Fact  2864223        C4          3929  00    0             0864223                   0                       0                       0                       0                       0             
LS 2018C95000008034010/07/2018094940RGL5311039500108380809/07/201809/07/201809/07/201801874509Rgl/Facture 2864223 CHEQUD4          3929CH00    0             0864223                   0                       0                       0                       0                       0             
LS 2018C95000008034010/07/2018094940AGR4111000000108380809/07/201809/07/201809/07/201801874510Rgl/Fact  2864224        C4          2165  00    0             0864224                   0                       0                       0                       0                       0             
LS 2018C95000008034010/07/2018094940RGL5311039500108380809/07/201809/07/201809/07/201801874510Rgl/Facture 2864224 CARTED4          2165CB00    0             0864224                   0                       0                       0                       0                       0             
LS 2018C95000008034010/07/2018094940AGR4111000000108380809/07/201809/07/201809/07/201801874511Rgl/Fact  2864225        C4          3698  00    0             0864225                   0                       0                       0                       0                       0             
LS 2018C95000008034010/07/2018094940RGL5311039500108380809/07/201809/07/201809/07/201801874511Rgl/Facture 2864225 CARTED4          3698CB00    0             0864225                   0                       0                       0                       0                       0             
LS 2018C95000008034010/07/2018094940AGR4111000000108380809/07/201809/07/201809/07/201801874512Rgl/Fact  2864226        C4          3319  00    0             0864226                   0                       0                       0                       0                       0             
LS 2018C95000008034010/07/2018094940RGL5311039500108380809/07/201809/07/201809/07/201801874512Rgl/Facture 2864226 CARTED4          3319CB00    0             0864226                   0                       0                       0                       0                       0             
LS 2018C95000008034010/07/2018094940AGR4111000000108380809/07/201809/07/201809/07/201801874513Rgl/Fact  2864227        C4          1199  00    0             0864227                   0                       0                       0                       0                       0             
LS 2018C95000008034010/07/2018094940RGL5311039500108380809/07/201809/07/201809/07/201801874513Rgl/Facture 2864227 ESPECD4          1199ES00    0             0864227                   0                       0                       0                       0                       0             
LS 2018C95000008034010/07/2018094940AGR4111000000108380809/07/201809/07/201809/07/201801874514Rgl/Fact  2864228        C4          7193  00    0             0864228                   0                       0                       0                       0                       0             
LS 2018C95000008034010/07/2018094940RGL5311039500108380809/07/201809/07/201809/07/201801874514Rgl/Facture 2864228 CARTED4          7193CB00    0             0864228                   0                       0                       0                       0                       0             
LS 2018C95000008034010/07/2018094940AGR4111000000108380809/07/201809/07/201809/07/201801874515Rgl/Fact  2864229        C4          2648  00    0             0864229                   0                       0                       0                       0                       0             
LS 2018C95000008034010/07/2018094940RGL5311039500108380809/07/201809/07/201809/07/201801874515Rgl/Facture 2864229 CARTED4          2648CB00    0             0864229                   0                       0                       0                       0                       0             
LS 2018C95000008034010/07/2018094940AGR4111000000108380809/07/201809/07/201809/07/201801874516Rgl/Fact  2864230        C4          5171  00    0             0864230                   0                       0                       0                       0                       0             
LS 2018C95000008034010/07/2018094940RGL5311039500108380809/07/201809/07/201809/07/201801874516Rgl/Facture 2864230 CARTED4          5171CB00    0             0864230                   0                       0                       0                       0                       0             
LS 2018C95000008034010/07/2018094940AGR4111000000108380809/07/201809/07/201809/07/201801874517Rgl/Fact  2864231        C4           849  00    0             0864231                   0                       0                       0                       0                       0             
LS 2018C95000008034010/07/2018094940RGL5311039500108380809/07/201809/07/201809/07/201801874517Rgl/Facture 2864231 ESPECD4           849ES00    0             0864231                   0                       0                       0                       0                       0             
LS 2018C95000008034010/07/2018094940AGR4111000000108380809/07/201809/07/201809/07/201801874518Rgl/Fact  2864232        C4           819  00    0             0864232                   0                       0                       0                       0                       0             
LS 2018C95000008034010/07/2018094940RGL5311039500108380809/07/201809/07/201809/07/201801874518Rgl/Facture 2864232 ESPECD4           819ES00    0             0864232                   0                       0                       0                       0                       0             
LS 2018C95000008034010/07/2018094940AGR4111000000108380809/07/201809/07/201809/07/201801874519Rgl/Fact  2864233        C4         10507  00    0             0864233                   0                       0                       0                       0                       0             
LS 2018C95000008034010/07/2018094940RGL5311039500108380809/07/201809/07/201809/07/201801874519Rgl/Facture 2864233 CARTED4         10507CB00    0             0864233                   0                       0                       0                       0                       0             
LS 2018C95000008034010/07/2018094940AGR4111000000108380809/07/201809/07/201809/07/201801874520Rgl/Fact  2864234        C4          1099  00    0             0864234                   0                       0                       0                       0                       0             
LS 2018C95000008034010/07/2018094940RGL5311039500108380809/07/201809/07/201809/07/201801874520Rgl/Facture 2864234 ESPECD4          1099ES00    0             0864234                   0                       0                       0                       0                       0             
LS 2018C95000008034010/07/2018094940AGR4111000000108380809/07/201809/07/201809/07/201801874521Rgl/Fact  2864235        C4          9900  00    0             0864235                   0                       0                       0                       0                       0             
LS 2018C95000008034010/07/2018094940RGL5311039500108380809/07/201809/07/201809/07/201801874521Rgl/Facture 2864235 CARTED4          9900CB00    0             0864235                   0                       0                       0                       0                       0             
LS 2018C95000008034010/07/2018094940AGR4111000000108380809/07/201809/07/201809/07/201801874522Rgl/Fact  2864236        C4          7347  00    0             0864236                   0                       0                       0                       0                       0             
LS 2018C95000008034010/07/2018094940RGL5311039500108380809/07/201809/07/201809/07/201801874522Rgl/Facture 2864236 CARTED4          7347CB00    0             0864236                   0                       0                       0                       0                       0             
LS 2018C95000008034010/07/2018094940AGR4111000000108380809/07/201809/07/201809/07/201801874523Rgl/Fact  2864237        C4          3799  00    0             0864237                   0                       0                       0                       0                       0             
LS 2018C95000008034010/07/2018094940RGL5311039500108380809/07/201809/07/201809/07/201801874523Rgl/Facture 2864237 CARTED4          3799CB00    0             0864237                   0                       0                       0                       0                       0             
LS 2018C95000008034010/07/2018094940AGR4111000000108380809/07/201809/07/201809/07/201801874524Rgl/Fact  2864238        C4          5798  00    0             0864238                   0                       0                       0                       0                       0             
LS 2018C95000008034010/07/2018094940RGL5311039500108380809/07/201809/07/201809/07/201801874524Rgl/Facture 2864238 CARTED4          5798CB00    0             0864238                   0                       0                       0                       0                       0             
LS 2018C95000008034010/07/2018094940AGR4111000000108380809/07/201809/07/201809/07/201801874525Rgl/Fact  2864239        C4           799  00    0             0864239                   0                       0                       0                       0                       0             
LS 2018C95000008034010/07/2018094940RGL5311039500108380809/07/201809/07/201809/07/201801874525Rgl/Facture 2864239 ESPECD4           799ES00    0             0864239                   0                       0                       0                       0                       0             
LS 2018C95000008034010/07/2018094940AGR4111000000108380809/07/201809/07/201809/07/201801874526Rgl/Fact  2864240        C4          1428  00    0             0864240                   0                       0                       0                       0                       0             
LS 2018C95000008034010/07/2018094940RGL5311039500108380809/07/201809/07/201809/07/201801874526Rgl/Facture 2864240 CARTED4          1428CB00    0             0864240                   0                       0                       0                       0                       0             
LS 2018C95000008034010/07/2018094940AGR4111000000108380809/07/201809/07/201809/07/201801874527Rgl/Fact  2864241        C4            99  00    0             0864241                   0                       0                       0                       0                       0             
LS 2018C95000008034010/07/2018094940RGL5311039500108380809/07/201809/07/201809/07/201801874527Rgl/Facture 2864241 ESPECD4            99ES00    0             0864241                   0                       0                       0                       0                       0             
LS 2018C95000008034010/07/2018094940AGR4111000000108380809/07/201809/07/201809/07/201801874528Rgl/Fact  2864242        C4           199  00    0             0864242                   0                       0                       0                       0                       0             
LS 2018C95000008034010/07/2018094940RGL5311039500108380809/07/201809/07/201809/07/201801874528Rgl/Facture 2864242 ESPECD4           199ES00    0             0864242                   0                       0                       0                       0                       0             
LS 2018C95000008034010/07/2018094940AGR4111000000108380809/07/201809/07/201809/07/201801874529Rgl/Fact  2864243        C4           980  00    0             0864243                   0                       0                       0                       0                       0             
LS 2018C95000008034010/07/2018094940RGL5311039500108380809/07/201809/07/201809/07/201801874529Rgl/Facture 2864243 ESPECD4           980ES00    0             0864243                   0                       0                       0                       0                       0             
LS 2018C95000008034010/07/2018094940AGR4111000000108380809/07/201809/07/201809/07/201801874530Rgl/Fact  2864244        C4          1808  00    0             0864244                   0                       0                       0                       0                       0             
LS 2018C95000008034010/07/2018094940RGL5311039500108380809/07/201809/07/201809/07/201801874530Rgl/Facture 2864244 CARTED4          1808CB00    0             0864244                   0                       0                       0                       0                       0             
LS 2018C95000008034010/07/2018094940AGR4111000000108380809/07/201809/07/201809/07/201801874531Rgl/Fact  2864245        C4          3698  00    0             0864245                   0                       0                       0                       0                       0             
LS 2018C95000008034010/07/2018094940RGL5311039500108380809/07/201809/07/201809/07/201801874531Rgl/Facture 2864245 CARTED4          3698CB00    0             0864245                   0                       0                       0                       0                       0             
LS 2018C95000008034010/07/2018094940AGR4111000000108380809/07/201809/07/201809/07/201801874532Rgl/Fact  2864246        C4          1450  00    0             0864246                   0                       0                       0                       0                       0             
LS 2018C95000008034010/07/2018094940RGL5311039500108380809/07/201809/07/201809/07/201801874532Rgl/Facture 2864246 CARTED4          1450CB00    0             0864246                   0                       0                       0                       0                       0             
LS 2018C95000008034010/07/2018094940AGR4111000000108380809/07/201809/07/201809/07/201801874533Rgl/Fact  2864247        C4          1299  00    0             0864247                   0                       0                       0                       0                       0             
LS 2018C95000008034010/07/2018094940RGL5311039500108380809/07/201809/07/201809/07/201801874533Rgl/Facture 2864247 CARTED4          1299CB00    0             0864247                   0                       0                       0                       0                       0             
LS 2018C95000008034010/07/2018094940AGR4111000000108380809/07/201809/07/201809/07/201801874534Rgl/Fact  2864248        C4          3841  00    0             0864248                   0                       0                       0                       0                       0             
LS 2018C95000008034010/07/2018094940RGL5311039500108380809/07/201809/07/201809/07/201801874534Rgl/Facture 2864248 CARTED4          3841CB00    0             0864248                   0                       0                       0                       0                       0             
LS 2018C95000008034010/07/2018094940AGR4111000000108380809/07/201809/07/201809/07/201801874535Rgl/Fact  2864249        C4           300  00    0             0864249                   0                       0                       0                       0                       0             
LS 2018C95000008034010/07/2018094940RGL5311039500108380809/07/201809/07/201809/07/201801874535Rgl/Facture 2864249 ESPECD4           300ES00    0             0864249                   0                       0                       0                       0                       0             
LS 2018C95000008034010/07/2018094940AGR4111000000108380809/07/201809/07/201809/07/201801874536Rgl/Fact  2864250        C4           717  00    0             0864250                   0                       0                       0                       0                       0             
LS 2018C95000008034010/07/2018094940RGL5311039500108380809/07/201809/07/201809/07/201801874536Rgl/Facture 2864250 CARTED4           717CB00    0             0864250                   0                       0                       0                       0                       0             
LS 2018C95000008034010/07/2018094940AGR4111000000108380809/07/201809/07/201809/07/201801874537Rgl/Fact  2864251        C4           999  00    0             0864251                   0                       0                       0                       0                       0             
LS 2018C95000008034010/07/2018094940RGL5311039500108380809/07/201809/07/201809/07/201801874537Rgl/Facture 2864251 CARTED4           999CB00    0             0864251                   0                       0                       0                       0                       0             
LS 2018C95000008034010/07/2018094940AGR4111000000108380809/07/201809/07/201809/07/201801874538Rgl/Fact  2864252        C4           948  00    0             0864252                   0                       0                       0                       0                       0             
LS 2018C95000008034010/07/2018094940RGL5311039500108380809/07/201809/07/201809/07/201801874538Rgl/Facture 2864252 ESPECD4           948ES00    0             0864252                   0                       0                       0                       0                       0             
LS 2018C95000008034010/07/2018094940AGR4111000000108380809/07/201809/07/201809/07/201801874539Rgl/Fact  2864253        C4          1340  00    0             0864253                   0                       0                       0                       0                       0             
LS 2018C95000008034010/07/2018094940RGL5311039500108380809/07/201809/07/201809/07/201801874539Rgl/Facture 2864253 ESPECD4          1340ES00    0             0864253                   0                       0                       0                       0                       0             
LS 2018C95000008034010/07/2018094940AGR4111000000108380809/07/201809/07/201809/07/201801874540Rgl/Fact  2864254        C4          6226  00    0             0864254                   0                       0                       0                       0                       0             
LS 2018C95000008034010/07/2018094940RGL5311039500108380809/07/201809/07/201809/07/201801874540Rgl/Facture 2864254 CARTED4          6226CB00    0             0864254                   0                       0                       0                       0                       0             
LS 2018C95000008034010/07/2018094940AGR4111000000108380809/07/201809/07/201809/07/201801874541Rgl/Fact  2864255        C4          1678  00    0             0864255                   0                       0                       0                       0                       0             
LS 2018C95000008034010/07/2018094940RGL5311039500108380809/07/201809/07/201809/07/201801874541Rgl/Facture 2864255 CARTED4          1678CB00    0             0864255                   0                       0                       0                       0                       0             
LS 2018C95000008034010/07/2018094940AGR4111000000108380809/07/201809/07/201809/07/201801874542Rgl/Fact  2864256        C4          5500  00    0             0864256                   0                       0                       0                       0                       0             
LS 2018C95000008034010/07/2018094940RGL5311039500108380809/07/201809/07/201809/07/201801874542Rgl/Facture 2864256 CARTED4          5500CB00    0             0864256                   0                       0                       0                       0                       0             
LS 2018C95000008034010/07/2018094940AGR4111000000108380809/07/201809/07/201809/07/201801874543Rgl/Fact  2864257        C4          3048  00    0             0864257                   0                       0                       0                       0                       0             
LS 2018C95000008034010/07/2018094940RGL5311039500108380809/07/201809/07/201809/07/201801874543Rgl/Facture 2864257 ESPECD4          3048ES00    0             0864257                   0                       0                       0                       0                       0             
LS 2018C95000008034010/07/2018094940AGR4111000000108380809/07/201809/07/201809/07/201801874544Rgl/Fact  2864258        C4           215  00    0             0864258                   0                       0                       0                       0                       0             
LS 2018C95000008034010/07/2018094940RGL5311039500108380809/07/201809/07/201809/07/201801874544Rgl/Facture 2864258 CARTED4           215CB00    0             0864258                   0                       0                       0                       0                       0             
LS 2018C95000008034010/07/2018094940AGR4111000000108380809/07/201809/07/201809/07/201801874545Rgl/Fact  2864259        C4          2048  00    0             0864259                   0                       0                       0                       0                       0             
LS 2018C95000008034010/07/2018094940RGL5311039500108380809/07/201809/07/201809/07/201801874545Rgl/Facture 2864259 ESPECD4          2048ES00    0             0864259                   0                       0                       0                       0                       0             
LS 2018C95000008034010/07/2018094940AGR4111000000108380809/07/201809/07/201809/07/201801874546Rgl/Fact  2864260        C4          1299  00    0             0864260                   0                       0                       0                       0                       0             
LS 2018C95000008034010/07/2018094940RGL5311039500108380809/07/201809/07/201809/07/201801874546Rgl/Facture 2864260 CARTED4          1299CB00    0             0864260                   0                       0                       0                       0                       0             
LS 2018C95000008034010/07/2018094940AGR4111000000108380809/07/201809/07/201809/07/201801874547Rgl/Fact  2864261        C4          6399  00    0             0864261                   0                       0                       0                       0                       0             
LS 2018C95000008034010/07/2018094940RGL5311039500108380809/07/201809/07/201809/07/201801874547Rgl/Facture 2864261 CARTED4          6399CB00    0             0864261                   0                       0                       0                       0                       0             
LS 2018C95000008034010/07/2018094940AGR4111000000108380809/07/201809/07/201809/07/201801874548Rgl/Fact  2864262        C4            80  00    0             0864262                   0                       0                       0                       0                       0             
LS 2018C95000008034010/07/2018094940RGL5311039500108380809/07/201809/07/201809/07/201801874548Rgl/Facture 2864262 ESPECD4            80ES00    0             0864262                   0                       0                       0                       0                       0             
LS 2018C95000008034010/07/2018094940AGR4111000000108380809/07/201809/07/201809/07/201801874549Rgl/Fact  2864263        C4           300  00    0             0864263                   0                       0                       0                       0                       0             
LS 2018C95000008034010/07/2018094940RGL5311039500108380809/07/201809/07/201809/07/201801874549Rgl/Facture 2864263 ESPECD4           300ES00    0             0864263                   0                       0                       0                       0                       0             
LS 2018C95000008034010/07/2018094940AGR4111000000108380809/07/201809/07/201809/07/201801874550Rgl/Avoir  2864264       D4          1390  00    0             0864264                   0                       0                       0                       0                       0             
LS 2018C95000008034010/07/2018094940RGL4197000000108380809/07/201809/07/201809/07/201801874550Rgl/Facture 2864264 AVOIRC4          1390BA00    0             0864264                   0                       0                       0                       0                       0             
LS 2018C95000008034010/07/2018094940AGR4111000000108380809/07/201809/07/201809/07/201801874551Rgl/Fact  2864265        C4          1390  00    0             0864265                   0                       0                       0                       0                       0             
LS 2018C95000008034010/07/2018094940RGL4197000000108380809/07/201809/07/201809/07/201801874551Rgl/Facture 2864264 AVOIRD4          1390AV00    0             0864265                   0                       0                       0                       0                       0             
LS 2018C95000008034010/07/2018094941RGL5820000001083808 09/07/201809/07/201809/07/201801874555395/Remise CH  4605222   D4          9957CH00    0             0605222                   0                       0                       0                       0                       0             
LS 2018C95000008034010/07/2018094941RGL531103950        09/07/201809/07/201809/07/201801874555395/Remise CH  4605222 CHC4          9957CH00    0             0605222                   0                       0                       0                       0                       0             
LS 2018C95000008034010/07/2018094941RGL5830000001083808 09/07/201809/07/201809/07/201801874556395/Remise CB            D4        181917CB00    0             0000000                   0                       0                       0                       0                       0             
LS 2018C95000008034010/07/2018094941RGL531103950        09/07/201809/07/201809/07/201801874556395/Remise CB   CARTE    C4        181917CB00    0             0000000                   0                       0                       0                       0                       0             
