LS 2018C48000008033210/07/2018094924AGR4111000000000098509/07/201809/07/201809/07/201801881593Rgl/Fact  24872908       C4          1949  00    0             0872908                   0                       0                       0                       0                       0             
LS 2018C48000008033210/07/2018094924RGL5311448000000098509/07/201809/07/201809/07/201801881593Rgl/Facture 24872908 CARTD4          1949CB00    0             0872908                   0                       0                       0                       0                       0             
LS 2018C48000008033210/07/2018094924AGR4111000000000098509/07/201809/07/201809/07/201801881594Rgl/Fact  24872909       C4          3538  00    0             0872909                   0                       0                       0                       0                       0             
LS 2018C48000008033210/07/2018094924RGL5311448000000098509/07/201809/07/201809/07/201801881594Rgl/Facture 24872909 CARTD4          3538CB00    0             0872909                   0                       0                       0                       0                       0             
LS 2018C48000008033210/07/2018094924AGR4111000000000098509/07/201809/07/201809/07/201801881595Rgl/Fact  24872910       C4          2880  00    0             0872910                   0                       0                       0                       0                       0             
LS 2018C48000008033210/07/2018094924RGL5311448000000098509/07/201809/07/201809/07/201801881595Rgl/Facture 24872910 CARTD4          2880CB00    0             0872910                   0                       0                       0                       0                       0             
LS 2018C48000008033210/07/2018094924AGR4111000000000098509/07/201809/07/201809/07/201801881596Rgl/Fact  24872911       C4           500  00    0             0872911                   0                       0                       0                       0                       0             
LS 2018C48000008033210/07/2018094924RGL5311448000000098509/07/201809/07/201809/07/201801881596Rgl/Facture 24872911 ESPED4           500ES00    0             0872911                   0                       0                       0                       0                       0             
LS 2018C48000008033210/07/2018094924AGR4111000000000098509/07/201809/07/201809/07/201801881597Rgl/Fact  24872912       C4          1185  00    0             0872912                   0                       0                       0                       0                       0             
LS 2018C48000008033210/07/2018094924RGL5311448000000098509/07/201809/07/201809/07/201801881597Rgl/Facture 24872912 CARTD4          1185CB00    0             0872912                   0                       0                       0                       0                       0             
LS 2018C48000008033210/07/2018094924AGR4111000000000098509/07/201809/07/201809/07/201801881598Rgl/Fact  24872913       C4          2378  00    0             0872913                   0                       0                       0                       0                       0             
LS 2018C48000008033210/07/2018094924RGL5311448000000098509/07/201809/07/201809/07/201801881598Rgl/Facture 24872913 ESPED4          2378ES00    0             0872913                   0                       0                       0                       0                       0             
LS 2018C48000008033210/07/2018094924AGR4111000000000098509/07/201809/07/201809/07/201801881599Rgl/Fact  24872914       C4           999  00    0             0872914                   0                       0                       0                       0                       0             
LS 2018C48000008033210/07/2018094924RGL5311448000000098509/07/201809/07/201809/07/201801881599Rgl/Facture 24872914 ESPED4           999ES00    0             0872914                   0                       0                       0                       0                       0             
LS 2018C48000008033210/07/2018094924AGR4111000000000098509/07/201809/07/201809/07/201801881600Rgl/Fact  24872915       C4          1649  00    0             0872915                   0                       0                       0                       0                       0             
LS 2018C48000008033210/07/2018094924RGL5311448000000098509/07/201809/07/201809/07/201801881600Rgl/Facture 24872915 CARTD4          1649CB00    0             0872915                   0                       0                       0                       0                       0             
LS 2018C48000008033210/07/2018094924AGR4111000000000098509/07/201809/07/201809/07/201801881601Rgl/Fact  24872916       C4           929  00    0             0872916                   0                       0                       0                       0                       0             
LS 2018C48000008033210/07/2018094924RGL5311448000000098509/07/201809/07/201809/07/201801881601Rgl/Facture 24872916 ESPED4           929ES00    0             0872916                   0                       0                       0                       0                       0             
LS 2018C48000008033210/07/2018094924AGR4111000000000098509/07/201809/07/201809/07/201801881602Rgl/Fact  24872917       C4           979  00    0             0872917                   0                       0                       0                       0                       0             
LS 2018C48000008033210/07/2018094924RGL5311448000000098509/07/201809/07/201809/07/201801881602Rgl/Facture 24872917 CARTD4           979CB00    0             0872917                   0                       0                       0                       0                       0             
LS 2018C48000008033210/07/2018094924AGR4111000000000098509/07/201809/07/201809/07/201801881603Rgl/Fact  24872918       C4          2944  00    0             0872918                   0                       0                       0                       0                       0             
LS 2018C48000008033210/07/2018094924RGL5311448000000098509/07/201809/07/201809/07/201801881603Rgl/Facture 24872918 ESPED4          2944ES00    0             0872918                   0                       0                       0                       0                       0             
LS 2018C48000008033210/07/2018094924AGR4111000000000098509/07/201809/07/201809/07/201801881604Rgl/Fact  24872919       C4          1339  00    0             0872919                   0                       0                       0                       0                       0             
LS 2018C48000008033210/07/2018094924RGL5311448000000098509/07/201809/07/201809/07/201801881604Rgl/Facture 24872919 ESPED4          1339ES00    0             0872919                   0                       0                       0                       0                       0             
LS 2018C48000008033210/07/2018094924AGR4111000000000098509/07/201809/07/201809/07/201801881605Rgl/Fact  24872920       C4          1765  00    0             0872920                   0                       0                       0                       0                       0             
LS 2018C48000008033210/07/2018094924RGL5311448000000098509/07/201809/07/201809/07/201801881605Rgl/Facture 24872920 ESPED4          1765ES00    0             0872920                   0                       0                       0                       0                       0             
LS 2018C48000008033210/07/2018094924AGR4111000000000098509/07/201809/07/201809/07/201801881606Rgl/Fact  24872921       C4           156  00    0             0872921                   0                       0                       0                       0                       0             
LS 2018C48000008033210/07/2018094924RGL5311448000000098509/07/201809/07/201809/07/201801881606Rgl/Facture 24872921 ESPED4           156ES00    0             0872921                   0                       0                       0                       0                       0             
LS 2018C48000008033210/07/2018094924AGR4111000000000098509/07/201809/07/201809/07/201801881607Rgl/Fact  24872922       C4          2908  00    0             0872922                   0                       0                       0                       0                       0             
LS 2018C48000008033210/07/2018094924RGL5311448000000098509/07/201809/07/201809/07/201801881607Rgl/Facture 24872922 CARTD4          2908CB00    0             0872922                   0                       0                       0                       0                       0             
LS 2018C48000008033210/07/2018094924AGR4111000000000098509/07/201809/07/201809/07/201801881608Rgl/Fact  24872923       C4          3200  00    0             0872923                   0                       0                       0                       0                       0             
LS 2018C48000008033210/07/2018094924RGL5311448000000098509/07/201809/07/201809/07/201801881608Rgl/Facture 24872923 CARTD4          3200CB00    0             0872923                   0                       0                       0                       0                       0             
LS 2018C48000008033210/07/2018094924AGR4111000000000098509/07/201809/07/201809/07/201801881609Rgl/Fact  24872924       C4          1093  00    0             0872924                   0                       0                       0                       0                       0             
LS 2018C48000008033210/07/2018094924RGL5311448000000098509/07/201809/07/201809/07/201801881609Rgl/Facture 24872924 ESPED4          1093ES00    0             0872924                   0                       0                       0                       0                       0             
LS 2018C48000008033210/07/2018094924AGR4111000000000098509/07/201809/07/201809/07/201801881610Rgl/Fact  24872925       C4          2890  00    0             0872925                   0                       0                       0                       0                       0             
LS 2018C48000008033210/07/2018094924RGL5311448000000098509/07/201809/07/201809/07/201801881610Rgl/Facture 24872925 ESPED4          2890ES00    0             0872925                   0                       0                       0                       0                       0             
LS 2018C48000008033210/07/2018094924AGR4111000000000098509/07/201809/07/201809/07/201801881611Rgl/Fact  24872926       C4          3978  00    0             0872926                   0                       0                       0                       0                       0             
LS 2018C48000008033210/07/2018094924RGL5311448000000098509/07/201809/07/201809/07/201801881611Rgl/Facture 24872926 CARTD4          3978CB00    0             0872926                   0                       0                       0                       0                       0             
LS 2018C48000008033210/07/2018094924AGR4111000000000098509/07/201809/07/201809/07/201801881612Rgl/Fact  24872927       C4          3346  00    0             0872927                   0                       0                       0                       0                       0             
LS 2018C48000008033210/07/2018094924RGL5311448000000098509/07/201809/07/201809/07/201801881612Rgl/Facture 24872927 CHEQD4          3346CH00    0             0872927                   0                       0                       0                       0                       0             
LS 2018C48000008033210/07/2018094924AGR4111000000000098509/07/201809/07/201809/07/201801881613Rgl/Fact  24872928       C4          1863  00    0             0872928                   0                       0                       0                       0                       0             
LS 2018C48000008033210/07/2018094924RGL5311448000000098509/07/201809/07/201809/07/201801881613Rgl/Facture 24872928 CARTD4          1863CB00    0             0872928                   0                       0                       0                       0                       0             
LS 2018C48000008033210/07/2018094924AGR4111000000000098509/07/201809/07/201809/07/201801881614Rgl/Fact  24872929       C4          7364  00    0             0872929                   0                       0                       0                       0                       0             
LS 2018C48000008033210/07/2018094924RGL5311448000000098509/07/201809/07/201809/07/201801881614Rgl/Facture 24872929 CHEQD4          7364CH00    0             0872929                   0                       0                       0                       0                       0             
LS 2018C48000008033210/07/2018094924AGR4111000000000098509/07/201809/07/201809/07/201801881615Rgl/Fact  24872930       C4          1497  00    0             0872930                   0                       0                       0                       0                       0             
LS 2018C48000008033210/07/2018094924RGL5311448000000098509/07/201809/07/201809/07/201801881615Rgl/Facture 24872930 ESPED4          1497ES00    0             0872930                   0                       0                       0                       0                       0             
LS 2018C48000008033210/07/2018094924AGR4111000000000098509/07/201809/07/201809/07/201801881616Rgl/Fact  24872931       C4          1998  00    0             0872931                   0                       0                       0                       0                       0             
LS 2018C48000008033210/07/2018094924RGL5311448000000098509/07/201809/07/201809/07/201801881616Rgl/Facture 24872931 CARTD4          1998CB00    0             0872931                   0                       0                       0                       0                       0             
LS 2018C48000008033210/07/2018094924AGR4111000000000098509/07/201809/07/201809/07/201801881617Rgl/Fact  24872932       C4           199  00    0             0872932                   0                       0                       0                       0                       0             
LS 2018C48000008033210/07/2018094924RGL5311448000000098509/07/201809/07/201809/07/201801881617Rgl/Facture 24872932 ESPED4           199ES00    0             0872932                   0                       0                       0                       0                       0             
LS 2018C48000008033210/07/2018094924AGR4111000000000098509/07/201809/07/201809/07/201801881618Rgl/Fact  24872933       C4           259  00    0             0872933                   0                       0                       0                       0                       0             
LS 2018C48000008033210/07/2018094924RGL5311448000000098509/07/201809/07/201809/07/201801881618Rgl/Facture 24872933 ESPED4           259ES00    0             0872933                   0                       0                       0                       0                       0             
LS 2018C48000008033210/07/2018094924AGR4111000000000098509/07/201809/07/201809/07/201801881619Rgl/Fact  24872934       C4           699  00    0             0872934                   0                       0                       0                       0                       0             
LS 2018C48000008033210/07/2018094924RGL5311448000000098509/07/201809/07/201809/07/201801881619Rgl/Facture 24872934 ESPED4           699ES00    0             0872934                   0                       0                       0                       0                       0             
LS 2018C48000008033210/07/2018094924AGR4111000000000098509/07/201809/07/201809/07/201801881620Rgl/Fact  24872935       C4          1699  00    0             0872935                   0                       0                       0                       0                       0             
LS 2018C48000008033210/07/2018094924RGL5311448000000098509/07/201809/07/201809/07/201801881620Rgl/Facture 24872935 CARTD4          1699CB00    0             0872935                   0                       0                       0                       0                       0             
LS 2018C48000008033210/07/2018094924AGR4111000000000098509/07/201809/07/201809/07/201801881621Rgl/Fact  24872936       C4          1668  00    0             0872936                   0                       0                       0                       0                       0             
LS 2018C48000008033210/07/2018094924RGL5311448000000098509/07/201809/07/201809/07/201801881621Rgl/Facture 24872936 ESPED4          1668ES00    0             0872936                   0                       0                       0                       0                       0             
LS 2018C48000008033210/07/2018094924AGR4111000000000098509/07/201809/07/201809/07/201801881622Rgl/Fact  24872937       C4           450  00    0             0872937                   0                       0                       0                       0                       0             
LS 2018C48000008033210/07/2018094924RGL5311448000000098509/07/201809/07/201809/07/201801881622Rgl/Facture 24872937 ESPED4           450ES00    0             0872937                   0                       0                       0                       0                       0             
LS 2018C48000008033210/07/2018094924AGR4111000000000098509/07/201809/07/201809/07/201801881623Rgl/Fact  24872938       C4          1679  00    0             0872938                   0                       0                       0                       0                       0             
LS 2018C48000008033210/07/2018094924RGL5311448000000098509/07/201809/07/201809/07/201801881623Rgl/Facture 24872938 ESPED4          1679ES00    0             0872938                   0                       0                       0                       0                       0             
LS 2018C48000008033210/07/2018094924AGR4111000000000098509/07/201809/07/201809/07/201801881624Rgl/Fact  24872939       C4          2997  00    0             0872939                   0                       0                       0                       0                       0             
LS 2018C48000008033210/07/2018094924RGL5311448000000098509/07/201809/07/201809/07/201801881624Rgl/Facture 24872939 ESPED4          2997ES00    0             0872939                   0                       0                       0                       0                       0             
LS 2018C48000008033210/07/2018094924AGR4111000000000098509/07/201809/07/201809/07/201801881625Rgl/Fact  24872940       C4          1999  00    0             0872940                   0                       0                       0                       0                       0             
LS 2018C48000008033210/07/2018094924RGL5311448000000098509/07/201809/07/201809/07/201801881625Rgl/Facture 24872940 CARTD4          1999CB00    0             0872940                   0                       0                       0                       0                       0             
LS 2018C48000008033210/07/2018094924AGR4111000000000098509/07/201809/07/201809/07/201801881626Rgl/Fact  24872941       C4           830  00    0             0872941                   0                       0                       0                       0                       0             
LS 2018C48000008033210/07/2018094924RGL5311448000000098509/07/201809/07/201809/07/201801881626Rgl/Facture 24872941 ESPED4           830ES00    0             0872941                   0                       0                       0                       0                       0             
LS 2018C48000008033210/07/2018094924AGR4111000000000098509/07/201809/07/201809/07/201801881627Rgl/Fact  24872942       C4          1018  00    0             0872942                   0                       0                       0                       0                       0             
LS 2018C48000008033210/07/2018094924RGL5311448000000098509/07/201809/07/201809/07/201801881627Rgl/Facture 24872942 CARTD4          1018CB00    0             0872942                   0                       0                       0                       0                       0             
LS 2018C48000008033210/07/2018094924AGR4111000000000098509/07/201809/07/201809/07/201801881628Rgl/Fact  24872943       C4          1245  00    0             0872943                   0                       0                       0                       0                       0             
LS 2018C48000008033210/07/2018094924RGL5311448000000098509/07/201809/07/201809/07/201801881628Rgl/Facture 24872943 CARTD4          1245CB00    0             0872943                   0                       0                       0                       0                       0             
LS 2018C48000008033210/07/2018094924AGR4111000000000098509/07/201809/07/201809/07/201801881629Rgl/Fact  24872944       C4          1199  00    0             0872944                   0                       0                       0                       0                       0             
LS 2018C48000008033210/07/2018094924RGL5311448000000098509/07/201809/07/201809/07/201801881629Rgl/Facture 24872944 ESPED4          1199ES00    0             0872944                   0                       0                       0                       0                       0             
LS 2018C48000008033210/07/2018094924AGR4111000000000098509/07/201809/07/201809/07/201801881630Rgl/Fact  24872945       C4           999  00    0             0872945                   0                       0                       0                       0                       0             
LS 2018C48000008033210/07/2018094924RGL5311448000000098509/07/201809/07/201809/07/201801881630Rgl/Facture 24872945 CARTD4           999CB00    0             0872945                   0                       0                       0                       0                       0             
LS 2018C48000008033210/07/2018094924AGR4111000000000098509/07/201809/07/201809/07/201801881631Rgl/Avoir  24872946      D4           156  00    0             0872946                   0                       0                       0                       0                       0             
LS 2018C48000008033210/07/2018094924RGL4197000000000098509/07/201809/07/201809/07/201801881631Rgl/Facture 24872946 AVOIC4           156BA00    0             0872946                   0                       0                       0                       0                       0             
LS 2018C48000008033210/07/2018094925AGR4111000000000098509/07/201809/07/201809/07/201801881632Rgl/Fact  24872947       C4           215  00    0             0872947                   0                       0                       0                       0                       0             
LS 2018C48000008033210/07/2018094925RGL4197000000000098509/07/201809/07/201809/07/201801881632Rgl/Facture 24872946 AVOID4           156AV00    0             0872947                   0                       0                       0                       0                       0             
LS 2018C48000008033210/07/2018094925RGL5311448000000098509/07/201809/07/201809/07/201801881632Rgl/Facture 24872947 ESPED4            59ES00    0             0872947                   0                       0                       0                       0                       0             
LS 2018C48000008033210/07/2018094925AGR4111000000000098509/07/201809/07/201809/07/201801881633Rgl/Fact  24872948       C4          1199  00    0             0872948                   0                       0                       0                       0                       0             
LS 2018C48000008033210/07/2018094925RGL5311448000000098509/07/201809/07/201809/07/201801881633Rgl/Facture 24872948 ESPED4          1199ES00    0             0872948                   0                       0                       0                       0                       0             
LS 2018C48000008033210/07/2018094925AGR4111000000000098509/07/201809/07/201809/07/201801881634Rgl/Fact  24872949       C4          2780  00    0             0872949                   0                       0                       0                       0                       0             
LS 2018C48000008033210/07/2018094925RGL5311448000000098509/07/201809/07/201809/07/201801881634Rgl/Facture 24872949 ESPED4          2780ES00    0             0872949                   0                       0                       0                       0                       0             
LS 2018C48000008033210/07/2018094925AGR4111000000000098509/07/201809/07/201809/07/201801881635Rgl/Fact  24872950       C4          2477  00    0             0872950                   0                       0                       0                       0                       0             
LS 2018C48000008033210/07/2018094925RGL5311448000000098509/07/201809/07/201809/07/201801881635Rgl/Facture 24872950 CARTD4          2477CB00    0             0872950                   0                       0                       0                       0                       0             
LS 2018C48000008033210/07/2018094925AGR4111000000000098509/07/201809/07/201809/07/201801881636Rgl/Fact  24872951       C4          9997  00    0             0872951                   0                       0                       0                       0                       0             
LS 2018C48000008033210/07/2018094925RGL5311448000000098509/07/201809/07/201809/07/201801881636Rgl/Facture 24872951 CARTD4          8397CB00    0             0872951                   0                       0                       0                       0                       0             
LS 2018C48000008033210/07/2018094925RGL5311448000000098509/07/201809/07/201809/07/201801881636Rgl/Facture 24872951 SOGED4          1600CR00    0             0872951                   0                       0                       0                       0                       0             
LS 2018C48000008033210/07/2018094925AGR4111000000000098509/07/201809/07/201809/07/201801881637Rgl/Fact  24872952       C4           399  00    0             0872952                   0                       0                       0                       0                       0             
LS 2018C48000008033210/07/2018094925RGL5311448000000098509/07/201809/07/201809/07/201801881637Rgl/Facture 24872952 CARTD4           399CB00    0             0872952                   0                       0                       0                       0                       0             
LS 2018C48000008033210/07/2018094925AGR4111000000000098509/07/201809/07/201809/07/201801881638Rgl/Fact  24872953       C4          2489  00    0             0872953                   0                       0                       0                       0                       0             
LS 2018C48000008033210/07/2018094925RGL5311448000000098509/07/201809/07/201809/07/201801881638Rgl/Facture 24872953 CHEQD4          2489CH00    0             0872953                   0                       0                       0                       0                       0             
LS 2018C48000008033210/07/2018094925AGR4111000000000098509/07/201809/07/201809/07/201801881639Rgl/Fact  24872954       C4          2890  00    0             0872954                   0                       0                       0                       0                       0             
LS 2018C48000008033210/07/2018094925RGL5311448000000098509/07/201809/07/201809/07/201801881639Rgl/Facture 24872954 CARTD4          2890CB00    0             0872954                   0                       0                       0                       0                       0             
LS 2018C48000008033210/07/2018094925AGR4111000000000098509/07/201809/07/201809/07/201801881640Rgl/Fact  24872955       C4          3360  00    0             0872955                   0                       0                       0                       0                       0             
LS 2018C48000008033210/07/2018094925RGL5311448000000098509/07/201809/07/201809/07/201801881640Rgl/Facture 24872955 CARTD4          3360CB00    0             0872955                   0                       0                       0                       0                       0             
LS 2018C48000008033210/07/2018094925AGR4111000000000098509/07/201809/07/201809/07/201801881641Rgl/Fact  24872956       C4          2857  00    0             0872956                   0                       0                       0                       0                       0             
LS 2018C48000008033210/07/2018094925RGL5311448000000098509/07/201809/07/201809/07/201801881641Rgl/Facture 24872956 CARTD4          2857CB00    0             0872956                   0                       0                       0                       0                       0             
LS 2018C48000008033210/07/2018094925AGR4111000000000098509/07/201809/07/201809/07/201801881642Rgl/Fact  24872957       C4           740  00    0             0872957                   0                       0                       0                       0                       0             
LS 2018C48000008033210/07/2018094925RGL5311448000000098509/07/201809/07/201809/07/201801881642Rgl/Facture 24872957 ESPED4           740ES00    0             0872957                   0                       0                       0                       0                       0             
LS 2018C48000008033210/07/2018094925AGR4111000000000098509/07/201809/07/201809/07/201801881643Rgl/Fact  24872958       C4           846  00    0             0872958                   0                       0                       0                       0                       0             
LS 2018C48000008033210/07/2018094925RGL5311448000000098509/07/201809/07/201809/07/201801881643Rgl/Facture 24872958 ESPED4           846ES00    0             0872958                   0                       0                       0                       0                       0             
LS 2018C48000008033210/07/2018094925AGR4111000000000098509/07/201809/07/201809/07/201801881644Rgl/Fact  24872959       C4          2194  00    0             0872959                   0                       0                       0                       0                       0             
LS 2018C48000008033210/07/2018094925RGL5311448000000098509/07/201809/07/201809/07/201801881644Rgl/Facture 24872959 ESPED4          2194ES00    0             0872959                   0                       0                       0                       0                       0             
LS 2018C48000008033210/07/2018094925AGR4111000000000098509/07/201809/07/201809/07/201801881645Rgl/Fact  24872960       C4          1596  00    0             0872960                   0                       0                       0                       0                       0             
LS 2018C48000008033210/07/2018094925RGL5311448000000098509/07/201809/07/201809/07/201801881645Rgl/Facture 24872960 ESPED4          1596ES00    0             0872960                   0                       0                       0                       0                       0             
LS 2018C48000008033210/07/2018094925AGR4111000000000098509/07/201809/07/201809/07/201801881646Rgl/Fact  24872961       C4          2997  00    0             0872961                   0                       0                       0                       0                       0             
LS 2018C48000008033210/07/2018094925RGL5311448000000098509/07/201809/07/201809/07/201801881646Rgl/Facture 24872961 CARTD4          2997CB00    0             0872961                   0                       0                       0                       0                       0             
LS 2018C48000008033210/07/2018094925AGR4111000000000098509/07/201809/07/201809/07/201801881647Rgl/Fact  24872962       C4          2499  00    0             0872962                   0                       0                       0                       0                       0             
LS 2018C48000008033210/07/2018094925RGL5311448000000098509/07/201809/07/201809/07/201801881647Rgl/Facture 24872962 CHEQD4          2499CH00    0             0872962                   0                       0                       0                       0                       0             
LS 2018C48000008033210/07/2018094925AGR4111000000000098509/07/201809/07/201809/07/201801881648Rgl/Fact  24872963       C4          2255  00    0             0872963                   0                       0                       0                       0                       0             
LS 2018C48000008033210/07/2018094925RGL5311448000000098509/07/201809/07/201809/07/201801881648Rgl/Facture 24872963 ESPED4          2255ES00    0             0872963                   0                       0                       0                       0                       0             
LS 2018C48000008033210/07/2018094925AGR4111000000000098509/07/201809/07/201809/07/201801881649Rgl/Fact  24872964       C4          1719  00    0             0872964                   0                       0                       0                       0                       0             
LS 2018C48000008033210/07/2018094925RGL5311448000000098509/07/201809/07/201809/07/201801881649Rgl/Facture 24872964 ESPED4          1719ES00    0             0872964                   0                       0                       0                       0                       0             
LS 2018C48000008033210/07/2018094925AGR4111000000000098509/07/201809/07/201809/07/201801881650Rgl/Fact  24872965       C4          1570  00    0             0872965                   0                       0                       0                       0                       0             
LS 2018C48000008033210/07/2018094925RGL5311448000000098509/07/201809/07/201809/07/201801881650Rgl/Facture 24872965 ESPED4          1570ES00    0             0872965                   0                       0                       0                       0                       0             
LS 2018C48000008033210/07/2018094925AGR4111000000000098509/07/201809/07/201809/07/201801881651Rgl/Fact  24872966       C4          3196  00    0             0872966                   0                       0                       0                       0                       0             
LS 2018C48000008033210/07/2018094925RGL5311448000000098509/07/201809/07/201809/07/201801881651Rgl/Facture 24872966 CARTD4          3196CB00    0             0872966                   0                       0                       0                       0                       0             
LS 2018C48000008033210/07/2018094925AGR4111000000000098509/07/201809/07/201809/07/201801881652Rgl/Fact  24872967       C4          1999  00    0             0872967                   0                       0                       0                       0                       0             
LS 2018C48000008033210/07/2018094925RGL5311448000000098509/07/201809/07/201809/07/201801881652Rgl/Facture 24872967 ESPED4          1999ES00    0             0872967                   0                       0                       0                       0                       0             
LS 2018C48000008033210/07/2018094925AGR4111000000000098509/07/201809/07/201809/07/201801881653Rgl/Fact  24872968       C4           990  00    0             0872968                   0                       0                       0                       0                       0             
LS 2018C48000008033210/07/2018094925RGL5311448000000098509/07/201809/07/201809/07/201801881653Rgl/Facture 24872968 ESPED4           990ES00    0             0872968                   0                       0                       0                       0                       0             
LS 2018C48000008033210/07/2018094925AGR4111000000000098509/07/201809/07/201809/07/201801881654Rgl/Fact  24872969       C4          1450  00    0             0872969                   0                       0                       0                       0                       0             
LS 2018C48000008033210/07/2018094925RGL5311448000000098509/07/201809/07/201809/07/201801881654Rgl/Facture 24872969 ESPED4          1450ES00    0             0872969                   0                       0                       0                       0                       0             
LS 2018C48000008033210/07/2018094925AGR4111000000000098509/07/201809/07/201809/07/201801881655Rgl/Fact  24872970       C4           599  00    0             0872970                   0                       0                       0                       0                       0             
LS 2018C48000008033210/07/2018094925RGL5311448000000098509/07/201809/07/201809/07/201801881655Rgl/Facture 24872970 ESPED4           599ES00    0             0872970                   0                       0                       0                       0                       0             
LS 2018C48000008033210/07/2018094925AGR4111000000000098509/07/201809/07/201809/07/201801881656Rgl/Fact  24872971       C4          3099  00    0             0872971                   0                       0                       0                       0                       0             
LS 2018C48000008033210/07/2018094925RGL5311448000000098509/07/201809/07/201809/07/201801881656Rgl/Facture 24872971 ESPED4          3099ES00    0             0872971                   0                       0                       0                       0                       0             
LS 2018C48000008033210/07/2018094925AGR4111000000000098509/07/201809/07/201809/07/201801881657Rgl/Fact  24872972       C4           199  00    0             0872972                   0                       0                       0                       0                       0             
LS 2018C48000008033210/07/2018094925RGL5311448000000098509/07/201809/07/201809/07/201801881657Rgl/Facture 24872972 ESPED4           199ES00    0             0872972                   0                       0                       0                       0                       0             
LS 2018C48000008033210/07/2018094925AGR4111000000000098509/07/201809/07/201809/07/201801881658Rgl/Fact  24872973       C4          1199  00    0             0872973                   0                       0                       0                       0                       0             
LS 2018C48000008033210/07/2018094925RGL5311448000000098509/07/201809/07/201809/07/201801881658Rgl/Facture 24872973 ESPED4          1199ES00    0             0872973                   0                       0                       0                       0                       0             
LS 2018C48000008033210/07/2018094925AGR4111000000000098509/07/201809/07/201809/07/201801881659Rgl/Fact  24872974       C4          5350  00    0             0872974                   0                       0                       0                       0                       0             
LS 2018C48000008033210/07/2018094925RGL5311448000000098509/07/201809/07/201809/07/201801881659Rgl/Facture 24872974 CARTD4          5350CB00    0             0872974                   0                       0                       0                       0                       0             
LS 2018C48000008033210/07/2018094925AGR4111000000000098509/07/201809/07/201809/07/201801881660Rgl/Fact  24872975       C4           327  00    0             0872975                   0                       0                       0                       0                       0             
LS 2018C48000008033210/07/2018094925RGL5311448000000098509/07/201809/07/201809/07/201801881660Rgl/Facture 24872975 ESPED4           327ES00    0             0872975                   0                       0                       0                       0                       0             
LS 2018C48000008033210/07/2018094925AGR4111000000000098509/07/201809/07/201809/07/201801881661Rgl/Fact  24872976       C4          1990  00    0             0872976                   0                       0                       0                       0                       0             
LS 2018C48000008033210/07/2018094925RGL5311448000000098509/07/201809/07/201809/07/201801881661Rgl/Facture 24872976 CARTD4          1990CB00    0             0872976                   0                       0                       0                       0                       0             
LS 2018C48000008033210/07/2018094925AGR4111000000000098509/07/201809/07/201809/07/201801881662Rgl/Fact  24872977       C4          1799  00    0             0872977                   0                       0                       0                       0                       0             
LS 2018C48000008033210/07/2018094925RGL5311448000000098509/07/201809/07/201809/07/201801881662Rgl/Facture 24872977 CARTD4          1799CB00    0             0872977                   0                       0                       0                       0                       0             
LS 2018C48000008033210/07/2018094925AGR4111000000000098509/07/201809/07/201809/07/201801881663Rgl/Fact  24872978       C4          1589  00    0             0872978                   0                       0                       0                       0                       0             
LS 2018C48000008033210/07/2018094925RGL5311448000000098509/07/201809/07/201809/07/201801881663Rgl/Facture 24872978 CARTD4          1589CB00    0             0872978                   0                       0                       0                       0                       0             
LS 2018C48000008033210/07/2018094925AGR4111000000000098509/07/201809/07/201809/07/201801881664Rgl/Fact  24872979       C4          3556  00    0             0872979                   0                       0                       0                       0                       0             
LS 2018C48000008033210/07/2018094925RGL5311448000000098509/07/201809/07/201809/07/201801881664Rgl/Facture 24872979 CARTD4          3556CB00    0             0872979                   0                       0                       0                       0                       0             
LS 2018C48000008033210/07/2018094925AGR4111000000000098509/07/201809/07/201809/07/201801881666Rgl/Fact  24872981       C4          1450  00    0             0872981                   0                       0                       0                       0                       0             
LS 2018C48000008033210/07/2018094925RGL5311448000000098509/07/201809/07/201809/07/201801881666Rgl/Facture 24872981 ESPED4          1450ES00    0             0872981                   0                       0                       0                       0                       0             
LS 2018C48000008033210/07/2018094925AGR4111000000000098509/07/201809/07/201809/07/201801881667Rgl/Fact  24872982       C4           899  00    0             0872982                   0                       0                       0                       0                       0             
LS 2018C48000008033210/07/2018094925RGL5311448000000098509/07/201809/07/201809/07/201801881667Rgl/Facture 24872982 ESPED4           899ES00    0             0872982                   0                       0                       0                       0                       0             
LS 2018C48000008033210/07/2018094925AGR4111000000000098509/07/201809/07/201809/07/201801881668Rgl/Fact  24872983       C4          6694  00    0             0872983                   0                       0                       0                       0                       0             
LS 2018C48000008033210/07/2018094925RGL5311448000000098509/07/201809/07/201809/07/201801881668Rgl/Facture 24872983 CARTD4          6694CB00    0             0872983                   0                       0                       0                       0                       0             
LS 2018C48000008033210/07/2018094925AGR4111000000000098509/07/201809/07/201809/07/201801881669Rgl/Fact  24872984       C4          1525  00    0             0872984                   0                       0                       0                       0                       0             
LS 2018C48000008033210/07/2018094925RGL5311448000000098509/07/201809/07/201809/07/201801881669Rgl/Facture 24872984 CARTD4          1525CB00    0             0872984                   0                       0                       0                       0                       0             
LS 2018C48000008033210/07/2018094925AGR4111000000000098509/07/201809/07/201809/07/201801881670Rgl/Fact  24872985       C4          5899  00    0             0872985                   0                       0                       0                       0                       0             
LS 2018C48000008033210/07/2018094925RGL5311448000000098509/07/201809/07/201809/07/201801881670Rgl/Facture 24872985 CARTD4          5899CB00    0             0872985                   0                       0                       0                       0                       0             
LS 2018C48000008033210/07/2018094925AGR4111000000000098509/07/201809/07/201809/07/201801881671Rgl/Fact  24872986       C4           749  00    0             0872986                   0                       0                       0                       0                       0             
LS 2018C48000008033210/07/2018094925RGL5311448000000098509/07/201809/07/201809/07/201801881671Rgl/Facture 24872986 ESPED4           749ES00    0             0872986                   0                       0                       0                       0                       0             
LS 2018C48000008033210/07/2018094925AGR4111000002210124209/07/201809/07/201809/07/201801881665Rgl/Fact  24872980       C4           599  00    0             0872980                   0                       0                       0                       0                       0             
LS 2018C48000008033210/07/2018094925RGL5311448002210124209/07/201809/07/201809/07/201801881665Rgl/Facture 24872980 CARTD4           599CB00    0             0872980                   0                       0                       0                       0                       0             
LS 2018C48000008033210/07/2018094925AGR5840000000000098509/07/201809/07/201809/07/201801881675Remise CR                D4          1600  00    0             0000000                   0                       0                       0                       0                       0             
LS 2018C48000008033210/07/2018094925RGL531144800        09/07/201809/07/201809/07/201801881675Remise CR   SOGEC        C4          1600CR00    0             0000000                   0                       0                       0                       0                       0             
LS 2018C48000008033210/07/2018094925RGL5820000000000098509/07/201809/07/201809/07/201801881676448/Remise CH  8389971   D4         15698CH00    0             0389971                   0                       0                       0                       0                       0             
LS 2018C48000008033210/07/2018094925RGL531144800        09/07/201809/07/201809/07/201801881676448/Remise CH  8389971 CHC4         15698CH00    0             0389971                   0                       0                       0                       0                       0             
LS 2018C48000008033210/07/2018094925RGL5830000000000098509/07/201809/07/201809/07/201801881677448/Remise CB            D4         88661CB00    0             0000000                   0                       0                       0                       0                       0             
LS 2018C48000008033210/07/2018094925RGL531144800        09/07/201809/07/201809/07/201801881677448/Remise CB   CARTE    C4         88661CB00    0             0000000                   0                       0                       0                       0                       0             
LS 2018C48000008033210/07/2018094925RGL5810000000000098509/07/201809/07/201809/07/201801881680448/Remise ES            D4         54388ES00    0             0000000                   0                       0                       0                       0                       0             
LS 2018C48000008033210/07/2018094925RGL531144800        09/07/201809/07/201809/07/201801881680448/Remise ES   ESPECE   C4         54388ES00    0             0000000                   0                       0                       0                       0                       0             
