LS 2018C62000008033410/07/2018094926AGR4111000000900300109/07/201809/07/201809/07/201801007148Rgl/Fact  3095166        C4          4997  00    0             0095166                   0                       0                       0                       0                       0             
LS 2018C62000008033410/07/2018094926RGL5311050100900300109/07/201809/07/201809/07/201801007148Rgl/Facture 3095166 CARTED4          4997CB00    0             0095166                   0                       0                       0                       0                       0             
LS 2018C62000008033410/07/2018094926AGR4111000000900300109/07/201809/07/201809/07/201801007149Rgl/Fact  3095167        C4           879  00    0             0095167                   0                       0                       0                       0                       0             
LS 2018C62000008033410/07/2018094926RGL5311050100900300109/07/201809/07/201809/07/201801007149Rgl/Facture 3095167 ESPECD4           879ES00    0             0095167                   0                       0                       0                       0                       0             
LS 2018C62000008033410/07/2018094926AGR4111000000900300109/07/201809/07/201809/07/201801007150Rgl/Fact  3095168        C4           699  00    0             0095168                   0                       0                       0                       0                       0             
LS 2018C62000008033410/07/2018094926RGL5311050100900300109/07/201809/07/201809/07/201801007150Rgl/Facture 3095168 CARTED4           699CB00    0             0095168                   0                       0                       0                       0                       0             
LS 2018C62000008033410/07/2018094926AGR4111000000900300109/07/201809/07/201809/07/201801007151Rgl/Fact  3095169        C4          1555  00    0             0095169                   0                       0                       0                       0                       0             
LS 2018C62000008033410/07/2018094926RGL5311050100900300109/07/201809/07/201809/07/201801007151Rgl/Facture 3095169 CARTED4          1555CB00    0             0095169                   0                       0                       0                       0                       0             
LS 2018C62000008033410/07/2018094926AGR4111000000900300109/07/201809/07/201809/07/201801007152Rgl/Fact  3095170        C4          2750  00    0             0095170                   0                       0                       0                       0                       0             
LS 2018C62000008033410/07/2018094926RGL5311050100900300109/07/201809/07/201809/07/201801007152Rgl/Facture 3095170 CARTED4          2750CB00    0             0095170                   0                       0                       0                       0                       0             
LS 2018C62000008033410/07/2018094926AGR4111000000900300109/07/201809/07/201809/07/201801007153Rgl/Fact  3095171        C4          2339  00    0             0095171                   0                       0                       0                       0                       0             
LS 2018C62000008033410/07/2018094926RGL5311050100900300109/07/201809/07/201809/07/201801007153Rgl/Facture 3095171 CARTED4          2339CB00    0             0095171                   0                       0                       0                       0                       0             
LS 2018C62000008033410/07/2018094926AGR4111000000900300109/07/201809/07/201809/07/201801007154Rgl/Fact  3095172        C4           950  00    0             0095172                   0                       0                       0                       0                       0             
LS 2018C62000008033410/07/2018094926RGL5311050100900300109/07/201809/07/201809/07/201801007154Rgl/Facture 3095172 ESPECD4           950ES00    0             0095172                   0                       0                       0                       0                       0             
LS 2018C62000008033410/07/2018094926AGR4111000000900300109/07/201809/07/201809/07/201801007155Rgl/Fact  3095173        C4          3629  00    0             0095173                   0                       0                       0                       0                       0             
LS 2018C62000008033410/07/2018094926RGL5311050100900300109/07/201809/07/201809/07/201801007155Rgl/Facture 3095173 CARTED4          3629CB00    0             0095173                   0                       0                       0                       0                       0             
LS 2018C62000008033410/07/2018094926AGR4111000000900300109/07/201809/07/201809/07/201801007158Rgl/Avoir  3095174       D4          1200  00    0             0095174                   0                       0                       0                       0                       0             
LS 2018C62000008033410/07/2018094926RGL4197000000900300109/07/201809/07/201809/07/201801007158Rgl/Facture 3095174 AVOIRC4          1200BA00    0             0095174                   0                       0                       0                       0                       0             
LS 2018C62000008033410/07/2018094926AGR4111000000900300109/07/201809/07/201809/07/201801007159Rgl/Fact  3095175        C4           990  00    0             0095175                   0                       0                       0                       0                       0             
LS 2018C62000008033410/07/2018094926RGL4197000000900300109/07/201809/07/201809/07/201801007159Rgl/Facture 3095174 AVOIRD4           990AV00    0             0095175                   0                       0                       0                       0                       0             
LS 2018C62000008033410/07/2018094926AGR4111000000900300109/07/201809/07/201809/07/201801007160Rgl/Fact  3095176        C4          1878  00    0             0095176                   0                       0                       0                       0                       0             
LS 2018C62000008033410/07/2018094926RGL5311050100900300109/07/201809/07/201809/07/201801007160Rgl/Facture 3095176 CARTED4          1878CB00    0             0095176                   0                       0                       0                       0                       0             
LS 2018C62000008033410/07/2018094926AGR4111000000900300109/07/201809/07/201809/07/201801007161Rgl/Fact  3095177        C4          3197  00    0             0095177                   0                       0                       0                       0                       0             
LS 2018C62000008033410/07/2018094926RGL5311050100900300109/07/201809/07/201809/07/201801007161Rgl/Facture 3095177 CARTED4          3197CB00    0             0095177                   0                       0                       0                       0                       0             
LS 2018C62000008033410/07/2018094926AGR4111000000900300109/07/201809/07/201809/07/201801007162Rgl/Fact  3095178        C4           640  00    0             0095178                   0                       0                       0                       0                       0             
LS 2018C62000008033410/07/2018094926RGL5311050100900300109/07/201809/07/201809/07/201801007162Rgl/Facture 3095178 ESPECD4           640ES00    0             0095178                   0                       0                       0                       0                       0             
LS 2018C62000008033410/07/2018094926AGR4111000000900300109/07/201809/07/201809/07/201801007163Rgl/Fact  3095179        C4           638  00    0             0095179                   0                       0                       0                       0                       0             
LS 2018C62000008033410/07/2018094926RGL5311050100900300109/07/201809/07/201809/07/201801007163Rgl/Facture 3095179 CARTED4           638CB00    0             0095179                   0                       0                       0                       0                       0             
LS 2018C62000008033410/07/2018094926AGR4111000000900300109/07/201809/07/201809/07/201801007164Rgl/Fact  3095180        C4          2526  00    0             0095180                   0                       0                       0                       0                       0             
LS 2018C62000008033410/07/2018094926RGL5311050100900300109/07/201809/07/201809/07/201801007164Rgl/Facture 3095180 CARTED4          2526CB00    0             0095180                   0                       0                       0                       0                       0             
LS 2018C62000008033410/07/2018094926AGR4111000000900300109/07/201809/07/201809/07/201801007165Rgl/Fact  3095181        C4          1159  00    0             0095181                   0                       0                       0                       0                       0             
LS 2018C62000008033410/07/2018094926RGL5311050100900300109/07/201809/07/201809/07/201801007165Rgl/Facture 3095181 CARTED4          1159CB00    0             0095181                   0                       0                       0                       0                       0             
LS 2018C62000008033410/07/2018094926AGR4111000000900300109/07/201809/07/201809/07/201801007166Rgl/Fact  3095182        C4          1985  00    0             0095182                   0                       0                       0                       0                       0             
LS 2018C62000008033410/07/2018094926RGL5311050100900300109/07/201809/07/201809/07/201801007166Rgl/Facture 3095182 CARTED4          1985CB00    0             0095182                   0                       0                       0                       0                       0             
LS 2018C62000008033410/07/2018094926AGR4111000000900300109/07/201809/07/201809/07/201801007167Rgl/Fact  3095183        C4           599  00    0             0095183                   0                       0                       0                       0                       0             
LS 2018C62000008033410/07/2018094926RGL5311050100900300109/07/201809/07/201809/07/201801007167Rgl/Facture 3095183 ESPECD4           599ES00    0             0095183                   0                       0                       0                       0                       0             
LS 2018C62000008033410/07/2018094926AGR4111000000900300109/07/201809/07/201809/07/201801007168Rgl/Fact  3095184        C4          1746  00    0             0095184                   0                       0                       0                       0                       0             
LS 2018C62000008033410/07/2018094926RGL5311050100900300109/07/201809/07/201809/07/201801007168Rgl/Facture 3095184 CARTED4          1746CB00    0             0095184                   0                       0                       0                       0                       0             
LS 2018C62000008033410/07/2018094926AGR4111000000900300109/07/201809/07/201809/07/201801007170Rgl/Fact  3095186        C4          4380  00    0             0095186                   0                       0                       0                       0                       0             
LS 2018C62000008033410/07/2018094926RGL5311050100900300109/07/201809/07/201809/07/201801007170Rgl/Facture 3095186 CARTED4          4380CB00    0             0095186                   0                       0                       0                       0                       0             
LS 2018C62000008033410/07/2018094926AGR4111000000900300109/07/201809/07/201809/07/201801007171Rgl/Fact  3095187        C4          3999  00    0             0095187                   0                       0                       0                       0                       0             
LS 2018C62000008033410/07/2018094926RGL5311050100900300109/07/201809/07/201809/07/201801007171Rgl/Facture 3095187 CARTED4          3999CB00    0             0095187                   0                       0                       0                       0                       0             
LS 2018C62000008033410/07/2018094926AGR4111000000900300109/07/201809/07/201809/07/201801007172Rgl/Fact  3095188        C4          2248  00    0             0095188                   0                       0                       0                       0                       0             
LS 2018C62000008033410/07/2018094926RGL5311050100900300109/07/201809/07/201809/07/201801007172Rgl/Facture 3095188 CARTED4          2248CB00    0             0095188                   0                       0                       0                       0                       0             
LS 2018C62000008033410/07/2018094926AGR4111000000900300109/07/201809/07/201809/07/201801007173Rgl/Fact  3095189        C4          1050  00    0             0095189                   0                       0                       0                       0                       0             
LS 2018C62000008033410/07/2018094926RGL5311050100900300109/07/201809/07/201809/07/201801007173Rgl/Facture 3095189 CARTED4          1050CB00    0             0095189                   0                       0                       0                       0                       0             
LS 2018C62000008033410/07/2018094926AGR4111000000900300109/07/201809/07/201809/07/201801007174Rgl/Fact  3095190        C4          1900  00    0             0095190                   0                       0                       0                       0                       0             
LS 2018C62000008033410/07/2018094926RGL5311050100900300109/07/201809/07/201809/07/201801007174Rgl/Facture 3095190 ESPECD4          1900ES00    0             0095190                   0                       0                       0                       0                       0             
LS 2018C62000008033410/07/2018094926AGR4111000000900300109/07/201809/07/201809/07/201801007175Rgl/Fact  3095191        C4          2397  00    0             0095191                   0                       0                       0                       0                       0             
LS 2018C62000008033410/07/2018094926RGL5311050100900300109/07/201809/07/201809/07/201801007175Rgl/Facture 3095191 CARTED4          2397CB00    0             0095191                   0                       0                       0                       0                       0             
LS 2018C62000008033410/07/2018094927AGR4111000000900300109/07/201809/07/201809/07/201801007176Rgl/Fact  3095192        C4          1099  00    0             0095192                   0                       0                       0                       0                       0             
LS 2018C62000008033410/07/2018094927RGL5311050100900300109/07/201809/07/201809/07/201801007176Rgl/Facture 3095192 ESPECD4          1099ES00    0             0095192                   0                       0                       0                       0                       0             
LS 2018C62000008033410/07/2018094927AGR4111000000900300109/07/201809/07/201809/07/201801007177Rgl/Fact  3095193        C4          4354  00    0             0095193                   0                       0                       0                       0                       0             
LS 2018C62000008033410/07/2018094927RGL5311050100900300109/07/201809/07/201809/07/201801007177Rgl/Facture 3095193 ESPECD4          4354ES00    0             0095193                   0                       0                       0                       0                       0             
LS 2018C62000008033410/07/2018094927AGR4111000000900300109/07/201809/07/201809/07/201801007178Rgl/Fact  3095194        C4           899  00    0             0095194                   0                       0                       0                       0                       0             
LS 2018C62000008033410/07/2018094927RGL5311050100900300109/07/201809/07/201809/07/201801007178Rgl/Facture 3095194 ESPECD4           899ES00    0             0095194                   0                       0                       0                       0                       0             
LS 2018C62000008033410/07/2018094927AGR4111000000900300109/07/201809/07/201809/07/201801007179Rgl/Fact  3095195        C4          7299  00    0             0095195                   0                       0                       0                       0                       0             
LS 2018C62000008033410/07/2018094927RGL5311050100900300109/07/201809/07/201809/07/201801007179Rgl/Facture 3095195 CARTED4          7299CB00    0             0095195                   0                       0                       0                       0                       0             
LS 2018C62000008033410/07/2018094927AGR4111000000900300109/07/201809/07/201809/07/201801007180Rgl/Fact  3095196        C4           479  00    0             0095196                   0                       0                       0                       0                       0             
LS 2018C62000008033410/07/2018094927RGL5311050100900300109/07/201809/07/201809/07/201801007180Rgl/Facture 3095196 ESPECD4           479ES00    0             0095196                   0                       0                       0                       0                       0             
LS 2018C62000008033410/07/2018094927AGR4111000000900300109/07/201809/07/201809/07/201801007181Rgl/Fact  3095197        C4          1750  00    0             0095197                   0                       0                       0                       0                       0             
LS 2018C62000008033410/07/2018094927RGL5311050100900300109/07/201809/07/201809/07/201801007181Rgl/Facture 3095197 ESPECD4          1750ES00    0             0095197                   0                       0                       0                       0                       0             
LS 2018C62000008033410/07/2018094927AGR4111000000900300109/07/201809/07/201809/07/201801007182Rgl/Fact  3095198        C4          1645  00    0             0095198                   0                       0                       0                       0                       0             
LS 2018C62000008033410/07/2018094927RGL5311050100900300109/07/201809/07/201809/07/201801007182Rgl/Facture 3095198 CARTED4          1645CB00    0             0095198                   0                       0                       0                       0                       0             
LS 2018C62000008033410/07/2018094927AGR4111000000900300109/07/201809/07/201809/07/201801007184Rgl/Fact  3095200        C4          1449  00    0             0095200                   0                       0                       0                       0                       0             
LS 2018C62000008033410/07/2018094927RGL5311050100900300109/07/201809/07/201809/07/201801007184Rgl/Facture 3095200 CARTED4          1449CB00    0             0095200                   0                       0                       0                       0                       0             
LS 2018C62000008033410/07/2018094927AGR4111000000900300109/07/201809/07/201809/07/201801007185Rgl/Fact  3095201        C4          2880  00    0             0095201                   0                       0                       0                       0                       0             
LS 2018C62000008033410/07/2018094927RGL5311050100900300109/07/201809/07/201809/07/201801007185Rgl/Facture 3095201 ESPECD4          2880ES00    0             0095201                   0                       0                       0                       0                       0             
LS 2018C62000008033410/07/2018094927AGR4111000000900300109/07/201809/07/201809/07/201801007186Rgl/Fact  3095202        C4           990  00    0             0095202                   0                       0                       0                       0                       0             
LS 2018C62000008033410/07/2018094927RGL5311050100900300109/07/201809/07/201809/07/201801007186Rgl/Facture 3095202 ESPECD4           990ES00    0             0095202                   0                       0                       0                       0                       0             
LS 2018C62000008033410/07/2018094927AGR4111000000900300109/07/201809/07/201809/07/201801007187Rgl/Fact  3095203        C4         12596  00    0             0095203                   0                       0                       0                       0                       0             
LS 2018C62000008033410/07/2018094927RGL5311050100900300109/07/201809/07/201809/07/201801007187Rgl/Facture 3095203 CARTED4         12596CB00    0             0095203                   0                       0                       0                       0                       0             
LS 2018C62000008033410/07/2018094927AGR4111000000900300109/07/201809/07/201809/07/201801007188Rgl/Fact  3095204        C4          2398  00    0             0095204                   0                       0                       0                       0                       0             
LS 2018C62000008033410/07/2018094927RGL5311050100900300109/07/201809/07/201809/07/201801007188Rgl/Facture 3095204 CARTED4          2398CB00    0             0095204                   0                       0                       0                       0                       0             
LS 2018C62000008033410/07/2018094927AGR4111000000900300109/07/201809/07/201809/07/201801007189Rgl/Fact  3095205        C4          1864  00    0             0095205                   0                       0                       0                       0                       0             
LS 2018C62000008033410/07/2018094927RGL5311050100900300109/07/201809/07/201809/07/201801007189Rgl/Facture 3095205 CARTED4          1864CB00    0             0095205                   0                       0                       0                       0                       0             
LS 2018C62000008033410/07/2018094927AGR4111000000900300109/07/201809/07/201809/07/201801007190Rgl/Fact  3095206        C4          5798  00    0             0095206                   0                       0                       0                       0                       0             
LS 2018C62000008033410/07/2018094927RGL5311050100900300109/07/201809/07/201809/07/201801007190Rgl/Facture 3095206 CARTED4          5798CB00    0             0095206                   0                       0                       0                       0                       0             
LS 2018C62000008033410/07/2018094927AGR4111000000900300109/07/201809/07/201809/07/201801007191Rgl/Fact  3095207        C4          5352  00    0             0095207                   0                       0                       0                       0                       0             
LS 2018C62000008033410/07/2018094927RGL5311050100900300109/07/201809/07/201809/07/201801007191Rgl/Facture 3095207 CARTED4          5352CB00    0             0095207                   0                       0                       0                       0                       0             
LS 2018C62000008033410/07/2018094927AGR4111000000900300109/07/201809/07/201809/07/201801007192Rgl/Fact  3095208        C4           398  00    0             0095208                   0                       0                       0                       0                       0             
LS 2018C62000008033410/07/2018094927RGL5311050100900300109/07/201809/07/201809/07/201801007192Rgl/Facture 3095208 ESPECD4           398ES00    0             0095208                   0                       0                       0                       0                       0             
LS 2018C62000008033410/07/2018094927AGR4111000000900300109/07/201809/07/201809/07/201801007193Rgl/Fact  3095209        C4          1197  00    0             0095209                   0                       0                       0                       0                       0             
LS 2018C62000008033410/07/2018094927RGL5311050100900300109/07/201809/07/201809/07/201801007193Rgl/Facture 3095209 CARTED4          1197CB00    0             0095209                   0                       0                       0                       0                       0             
LS 2018C62000008033410/07/2018094927AGR4111000000900300109/07/201809/07/201809/07/201801007194Rgl/Fact  3095210        C4          3468  00    0             0095210                   0                       0                       0                       0                       0             
LS 2018C62000008033410/07/2018094927RGL5311050100900300109/07/201809/07/201809/07/201801007194Rgl/Facture 3095210 CARTED4          3468CB00    0             0095210                   0                       0                       0                       0                       0             
LS 2018C62000008033410/07/2018094927AGR4111000000900300109/07/201809/07/201809/07/201801007199Rgl/Fact  3095211        C4          3255  00    0             0095211                   0                       0                       0                       0                       0             
LS 2018C62000008033410/07/2018094927RGL5311050100900300109/07/201809/07/201809/07/201801007199Rgl/Facture 3095211 ESPECD4          3255ES00    0             0095211                   0                       0                       0                       0                       0             
LS 2018C62000008033410/07/2018094927AGR4111000000900300109/07/201809/07/201809/07/201801007200Rgl/Fact  3095212        C4           259  00    0             0095212                   0                       0                       0                       0                       0             
LS 2018C62000008033410/07/2018094927RGL5311050100900300109/07/201809/07/201809/07/201801007200Rgl/Facture 3095212 ESPECD4           259ES00    0             0095212                   0                       0                       0                       0                       0             
LS 2018C62000008033410/07/2018094927AGR4111000000900300109/07/201809/07/201809/07/201801007202Rgl/Fact  3095213        C4          3930  00    0             0095213                   0                       0                       0                       0                       0             
LS 2018C62000008033410/07/2018094927RGL5311050100900300109/07/201809/07/201809/07/201801007202Rgl/Facture 3095213 CARTED4          3930CB00    0             0095213                   0                       0                       0                       0                       0             
LS 2018C62000008033410/07/2018094927AGR4111000000900300109/07/201809/07/201809/07/201801007203Rgl/Fact  3095214        C4           848  00    0             0095214                   0                       0                       0                       0                       0             
LS 2018C62000008033410/07/2018094927RGL5311050100900300109/07/201809/07/201809/07/201801007203Rgl/Facture 3095214 ESPECD4           848ES00    0             0095214                   0                       0                       0                       0                       0             
LS 2018C62000008033410/07/2018094927AGR4111000000900300109/07/201809/07/201809/07/201801007204Rgl/Fact  3095215        C4           990  00    0             0095215                   0                       0                       0                       0                       0             
LS 2018C62000008033410/07/2018094927RGL5311050100900300109/07/201809/07/201809/07/201801007204Rgl/Facture 3095215 ESPECD4           990ES00    0             0095215                   0                       0                       0                       0                       0             
LS 2018C62000008033410/07/2018094927AGR4111000000900300109/07/201809/07/201809/07/201801007206Rgl/Fact  3095217        C4          1185  00    0             0095217                   0                       0                       0                       0                       0             
LS 2018C62000008033410/07/2018094927RGL5311050100900300109/07/201809/07/201809/07/201801007206Rgl/Facture 3095217 ESPECD4          1185ES00    0             0095217                   0                       0                       0                       0                       0             
LS 2018C62000008033410/07/2018094927AGR4111000000900300109/07/201809/07/201809/07/201801007207Rgl/Fact  3095218        C4          1599  00    0             0095218                   0                       0                       0                       0                       0             
LS 2018C62000008033410/07/2018094927RGL5311050100900300109/07/201809/07/201809/07/201801007207Rgl/Facture 3095218 ESPECD4          1599ES00    0             0095218                   0                       0                       0                       0                       0             
LS 2018C62000008033410/07/2018094927AGR4111000000900300109/07/201809/07/201809/07/201801007208Rgl/Fact  3095219        C4          5888  00    0             0095219                   0                       0                       0                       0                       0             
LS 2018C62000008033410/07/2018094927RGL5311050100900300109/07/201809/07/201809/07/201801007208Rgl/Facture 3095219 ESPECD4          5888ES00    0             0095219                   0                       0                       0                       0                       0             
LS 2018C62000008033410/07/2018094927AGR4111000000900300109/07/201809/07/201809/07/201801007209Rgl/Fact  3095220        C4          4299  00    0             0095220                   0                       0                       0                       0                       0             
LS 2018C62000008033410/07/2018094927RGL5311050100900300109/07/201809/07/201809/07/201801007209Rgl/Facture 3095220 CARTED4          4299CB00    0             0095220                   0                       0                       0                       0                       0             
LS 2018C62000008033410/07/2018094927AGR4111000000900300109/07/201809/07/201809/07/201801007210Rgl/Fact  3095221        C4          2934  00    0             0095221                   0                       0                       0                       0                       0             
LS 2018C62000008033410/07/2018094927RGL5311050100900300109/07/201809/07/201809/07/201801007210Rgl/Facture 3095221 CARTED4          2934CB00    0             0095221                   0                       0                       0                       0                       0             
LS 2018C62000008033410/07/2018094927AGR4111000000900300109/07/201809/07/201809/07/201801007211Rgl/Fact  3095222        C4          3199  00    0             0095222                   0                       0                       0                       0                       0             
LS 2018C62000008033410/07/2018094927RGL5311050100900300109/07/201809/07/201809/07/201801007211Rgl/Facture 3095222 CARTED4          3199CB00    0             0095222                   0                       0                       0                       0                       0             
LS 2018C62000008033410/07/2018094927AGR4111000000900300109/07/201809/07/201809/07/201801007212Rgl/Fact  3095223        C4          2799  00    0             0095223                   0                       0                       0                       0                       0             
LS 2018C62000008033410/07/2018094927RGL5311050100900300109/07/201809/07/201809/07/201801007212Rgl/Facture 3095223 CHEQUD4          2799CH00    0             0095223                   0                       0                       0                       0                       0             
LS 2018C62000008033410/07/2018094927AGR4111000000900300109/07/201809/07/201809/07/201801007213Rgl/Fact  3095224        C4          4490  00    0             0095224                   0                       0                       0                       0                       0             
LS 2018C62000008033410/07/2018094927RGL5311050100900300109/07/201809/07/201809/07/201801007213Rgl/Facture 3095224 CARTED4          4490CB00    0             0095224                   0                       0                       0                       0                       0             
LS 2018C62000008033410/07/2018094927AGR4111000000900300109/07/201809/07/201809/07/201801007214Rgl/Fact  3095225        C4           429  00    0             0095225                   0                       0                       0                       0                       0             
LS 2018C62000008033410/07/2018094927RGL5311050100900300109/07/201809/07/201809/07/201801007214Rgl/Facture 3095225 ESPECD4           429ES00    0             0095225                   0                       0                       0                       0                       0             
LS 2018C62000008033410/07/2018094927AGR4111000000900300109/07/201809/07/201809/07/201801007215Rgl/Fact  3095226        C4           699  00    0             0095226                   0                       0                       0                       0                       0             
LS 2018C62000008033410/07/2018094927RGL5311050100900300109/07/201809/07/201809/07/201801007215Rgl/Facture 3095226 ESPECD4           699ES00    0             0095226                   0                       0                       0                       0                       0             
LS 2018C62000008033410/07/2018094927AGR4111000000900300109/07/201809/07/201809/07/201801007216Rgl/Fact  3095227        C4           499  00    0             0095227                   0                       0                       0                       0                       0             
LS 2018C62000008033410/07/2018094927RGL5311050100900300109/07/201809/07/201809/07/201801007216Rgl/Facture 3095227 ESPECD4           499ES00    0             0095227                   0                       0                       0                       0                       0             
LS 2018C62000008033410/07/2018094927AGR4111000002210016609/07/201809/07/201809/07/201801007205Rgl/Fact  3095216        C4          1493  00    0             0095216                   0                       0                       0                       0                       0             
LS 2018C62000008033410/07/2018094927RGL5311050102210016609/07/201809/07/201809/07/201801007205Rgl/Facture 3095216 CARTED4          1493CB00    0             0095216                   0                       0                       0                       0                       0             
LS 2018C62000008033410/07/2018094927AGR4111000002210070909/07/201809/07/201809/07/201801007169Rgl/Fact  3095185        C4          2599  00    0             0095185                   0                       0                       0                       0                       0             
LS 2018C62000008033410/07/2018094927RGL5311050102210070909/07/201809/07/201809/07/201801007169Rgl/Facture 3095185 CARTED4          2199CB00    0             0095185                   0                       0                       0                       0                       0             
LS 2018C62000008033410/07/2018094927RGL5311050102210070909/07/201809/07/201809/07/201801007169Rgl/Facture 3095185 SOGECD4           400CR00    0             0095185                   0                       0                       0                       0                       0             
LS 2018C62000008033410/07/2018094927AGR4111000002210070909/07/201809/07/201809/07/201801007183Rgl/Fact  3095199        C4          3462  00    0             0095199                   0                       0                       0                       0                       0             
LS 2018C62000008033410/07/2018094927RGL5311050102210070909/07/201809/07/201809/07/201801007183Rgl/Facture 3095199 CARTED4          3462CB00    0             0095199                   0                       0                       0                       0                       0             
LS 2018C62000008033410/07/2018094927RGL5810000009003001 09/07/201809/07/201809/07/201801007156262/Remise ES            D4         19000ES00    0             0000000                   0                       0                       0                       0                       0             
LS 2018C62000008033410/07/2018094927RGL531105010        09/07/201809/07/201809/07/201801007156262/Remise ES   ESPECE   C4         19000ES00    0             0000000                   0                       0                       0                       0                       0             
LS 2018C62000008033410/07/2018094927RGL5810000009003001 09/07/201809/07/201809/07/201801007157262/Remise ES            D4         26000ES00    0             0000000                   0                       0                       0                       0                       0             
LS 2018C62000008033410/07/2018094927RGL531105010        09/07/201809/07/201809/07/201801007157262/Remise ES   ESPECE   C4         26000ES00    0             0000000                   0                       0                       0                       0                       0             
LS 2018C62000008033410/07/2018094927RGL51208600001      09/07/201809/07/201809/07/201801007195262/Entrée Caisse  0     C4         12500ES00    0             0000000                   0                       0                       0                       0                       0             
LS 2018C62000008033410/07/2018094927RGL53110501001      09/07/201809/07/201809/07/201801007195262/Entrée Caisse  0 ESPED4         12500ES00    0             0000000                   0                       0                       0                       0                       0             
LS 2018C62000008033410/07/2018094927RGL5810000009003001 09/07/201809/07/201809/07/201801007198262/Remise ES            D4         12500ES00    0             0000000                   0                       0                       0                       0                       0             
LS 2018C62000008033410/07/2018094927RGL531105010        09/07/201809/07/201809/07/201801007198262/Remise ES   ESPECE   C4         12500ES00    0             0000000                   0                       0                       0                       0                       0             
LS 2018C62000008033410/07/2018094927RGL5810000009003001 09/07/201809/07/201809/07/201801007201262/Remise ES            D4         35000ES00    0             0000000                   0                       0                       0                       0                       0             
LS 2018C62000008033410/07/2018094927RGL531105010        09/07/201809/07/201809/07/201801007201262/Remise ES   ESPECE   C4         35000ES00    0             0000000                   0                       0                       0                       0                       0             
LS 2018C62000008033410/07/2018094927AGR5840000009003001 09/07/201809/07/201809/07/201801007219Remise CR                D4           400  00    0             0000000                   0                       0                       0                       0                       0             
LS 2018C62000008033410/07/2018094927RGL531105010        09/07/201809/07/201809/07/201801007219Remise CR   SOGEC        C4           400CR00    0             0000000                   0                       0                       0                       0                       0             
LS 2018C62000008033410/07/2018094927RGL5820000009003001 09/07/201809/07/201809/07/201801007221262/Remise CH  7506511   D4          2799CH00    0             0506511                   0                       0                       0                       0                       0             
LS 2018C62000008033410/07/2018094927RGL531105010        09/07/201809/07/201809/07/201801007221262/Remise CH  7506511 CHC4          2799CH00    0             0506511                   0                       0                       0                       0                       0             
LS 2018C62000008033410/07/2018094927RGL5830000009003001 09/07/201809/07/201809/07/201801007222262/Remise CB            D4        112244CB00    0             0000000                   0                       0                       0                       0                       0             
LS 2018C62000008033410/07/2018094927RGL531105010        09/07/201809/07/201809/07/201801007222262/Remise CB   CARTE    C4        112244CB00    0             0000000                   0                       0                       0                       0                       0             
