LS 2018C41000008032810/07/2018094915AGR4111000000108377109/07/201809/07/201809/07/201801780529Rgl/Fact  768562         C4          3570  00    0             0768562                   0                       0                       0                       0                       0             
LS 2018C41000008032810/07/2018094915RGL5311014100108377109/07/201809/07/201809/07/201801780529Rgl/Facture 768562 ESPECED4          3570ES00    0             0768562                   0                       0                       0                       0                       0             
LS 2018C41000008032810/07/2018094915AGR4111000000108377109/07/201809/07/201809/07/201801780530Rgl/Fact  768563         C4          5697  00    0             0768563                   0                       0                       0                       0                       0             
LS 2018C41000008032810/07/2018094915RGL5311014100108377109/07/201809/07/201809/07/201801780530Rgl/Facture 768563 ESPECED4          5697ES00    0             0768563                   0                       0                       0                       0                       0             
LS 2018C41000008032810/07/2018094915AGR4111000000108377109/07/201809/07/201809/07/201801780531Rgl/Fact  768564         C4          2783  00    0             0768564                   0                       0                       0                       0                       0             
LS 2018C41000008032810/07/2018094915RGL5311014100108377109/07/201809/07/201809/07/201801780531Rgl/Facture 768564 CARTE D4          2783CB00    0             0768564                   0                       0                       0                       0                       0             
LS 2018C41000008032810/07/2018094915AGR4111000000108377109/07/201809/07/201809/07/201801780532Rgl/Fact  768565         C4           299  00    0             0768565                   0                       0                       0                       0                       0             
LS 2018C41000008032810/07/2018094915RGL5311014100108377109/07/201809/07/201809/07/201801780532Rgl/Facture 768565 ESPECED4           299ES00    0             0768565                   0                       0                       0                       0                       0             
LS 2018C41000008032810/07/2018094915AGR4111000000108377109/07/201809/07/201809/07/201801780533Rgl/Fact  768566         C4          4280  00    0             0768566                   0                       0                       0                       0                       0             
LS 2018C41000008032810/07/2018094915RGL5311014100108377109/07/201809/07/201809/07/201801780533Rgl/Facture 768566 CARTE D4          4280CB00    0             0768566                   0                       0                       0                       0                       0             
LS 2018C41000008032810/07/2018094915AGR4111000000108377109/07/201809/07/201809/07/201801780534Rgl/Fact  768567         C4          1179  00    0             0768567                   0                       0                       0                       0                       0             
LS 2018C41000008032810/07/2018094915RGL5311014100108377109/07/201809/07/201809/07/201801780534Rgl/Facture 768567 ESPECED4          1179ES00    0             0768567                   0                       0                       0                       0                       0             
LS 2018C41000008032810/07/2018094915AGR4111000000108377109/07/201809/07/201809/07/201801780535Rgl/Fact  768568         C4          1600  00    0             0768568                   0                       0                       0                       0                       0             
LS 2018C41000008032810/07/2018094915RGL5311014100108377109/07/201809/07/201809/07/201801780535Rgl/Facture 768568 CARTE D4          1600CB00    0             0768568                   0                       0                       0                       0                       0             
LS 2018C41000008032810/07/2018094915AGR4111000000108377109/07/201809/07/201809/07/201801780536Rgl/Fact  768569         C4          3192  00    0             0768569                   0                       0                       0                       0                       0             
LS 2018C41000008032810/07/2018094915RGL5311014100108377109/07/201809/07/201809/07/201801780536Rgl/Facture 768569 ESPECED4          3192ES00    0             0768569                   0                       0                       0                       0                       0             
LS 2018C41000008032810/07/2018094915AGR4111000000108377109/07/201809/07/201809/07/201801780537Rgl/Fact  768570         C4           899  00    0             0768570                   0                       0                       0                       0                       0             
LS 2018C41000008032810/07/2018094915RGL5311014100108377109/07/201809/07/201809/07/201801780537Rgl/Facture 768570 ESPECED4           899ES00    0             0768570                   0                       0                       0                       0                       0             
LS 2018C41000008032810/07/2018094915AGR4111000000108377109/07/201809/07/201809/07/201801780538Rgl/Fact  768571         C4          1859  00    0             0768571                   0                       0                       0                       0                       0             
LS 2018C41000008032810/07/2018094915RGL5311014100108377109/07/201809/07/201809/07/201801780538Rgl/Facture 768571 ESPECED4          1859ES00    0             0768571                   0                       0                       0                       0                       0             
LS 2018C41000008032810/07/2018094915AGR4111000000108377109/07/201809/07/201809/07/201801780539Rgl/Fact  768572         C4           658  00    0             0768572                   0                       0                       0                       0                       0             
LS 2018C41000008032810/07/2018094915RGL5311014100108377109/07/201809/07/201809/07/201801780539Rgl/Facture 768572 ESPECED4           658ES00    0             0768572                   0                       0                       0                       0                       0             
LS 2018C41000008032810/07/2018094915AGR4111000000108377109/07/201809/07/201809/07/201801780540Rgl/Fact  768573         C4          3712  00    0             0768573                   0                       0                       0                       0                       0             
LS 2018C41000008032810/07/2018094915RGL5311014100108377109/07/201809/07/201809/07/201801780540Rgl/Facture 768573 ESPECED4          3712ES00    0             0768573                   0                       0                       0                       0                       0             
LS 2018C41000008032810/07/2018094915AGR4111000000108377109/07/201809/07/201809/07/201801780541Rgl/Fact  768574         C4          7109  00    0             0768574                   0                       0                       0                       0                       0             
LS 2018C41000008032810/07/2018094915RGL5311014100108377109/07/201809/07/201809/07/201801780541Rgl/Facture 768574 CARTE D4          7109CB00    0             0768574                   0                       0                       0                       0                       0             
LS 2018C41000008032810/07/2018094915AGR4111000000108377109/07/201809/07/201809/07/201801780542Rgl/Fact  768575         C4          3898  00    0             0768575                   0                       0                       0                       0                       0             
LS 2018C41000008032810/07/2018094915RGL5311014100108377109/07/201809/07/201809/07/201801780542Rgl/Facture 768575 CARTE D4          3898CB00    0             0768575                   0                       0                       0                       0                       0             
LS 2018C41000008032810/07/2018094915AGR4111000000108377109/07/201809/07/201809/07/201801780543Rgl/Fact  768576         C4          1284  00    0             0768576                   0                       0                       0                       0                       0             
LS 2018C41000008032810/07/2018094915RGL5311014100108377109/07/201809/07/201809/07/201801780543Rgl/Facture 768576 ESPECED4          1284ES00    0             0768576                   0                       0                       0                       0                       0             
LS 2018C41000008032810/07/2018094915AGR4111000000108377109/07/201809/07/201809/07/201801780544Rgl/Fact  768577         C4          1138  00    0             0768577                   0                       0                       0                       0                       0             
LS 2018C41000008032810/07/2018094915RGL5311014100108377109/07/201809/07/201809/07/201801780544Rgl/Facture 768577 ESPECED4          1138ES00    0             0768577                   0                       0                       0                       0                       0             
LS 2018C41000008032810/07/2018094915AGR4111000000108377109/07/201809/07/201809/07/201801780545Rgl/Fact  768578         C4           859  00    0             0768578                   0                       0                       0                       0                       0             
LS 2018C41000008032810/07/2018094915RGL5311014100108377109/07/201809/07/201809/07/201801780545Rgl/Facture 768578 ESPECED4           859ES00    0             0768578                   0                       0                       0                       0                       0             
LS 2018C41000008032810/07/2018094915AGR4111000000108377109/07/201809/07/201809/07/201801780546Rgl/Fact  768579         C4           155  00    0             0768579                   0                       0                       0                       0                       0             
LS 2018C41000008032810/07/2018094915RGL5311014100108377109/07/201809/07/201809/07/201801780546Rgl/Facture 768579 ESPECED4           155ES00    0             0768579                   0                       0                       0                       0                       0             
LS 2018C41000008032810/07/2018094915AGR4111000000108377109/07/201809/07/201809/07/201801780547Rgl/Fact  768580         C4           640  00    0             0768580                   0                       0                       0                       0                       0             
LS 2018C41000008032810/07/2018094915RGL5311014100108377109/07/201809/07/201809/07/201801780547Rgl/Facture 768580 ESPECED4           640ES00    0             0768580                   0                       0                       0                       0                       0             
LS 2018C41000008032810/07/2018094915AGR4111000000108377109/07/201809/07/201809/07/201801780548Rgl/Fact  768581         C4         12468  00    0             0768581                   0                       0                       0                       0                       0             
LS 2018C41000008032810/07/2018094915RGL5311014100108377109/07/201809/07/201809/07/201801780548Rgl/Facture 768581 CARTE D4         12468CB00    0             0768581                   0                       0                       0                       0                       0             
LS 2018C41000008032810/07/2018094915AGR4111000000108377109/07/201809/07/201809/07/201801780549Rgl/Fact  768582         C4          1550  00    0             0768582                   0                       0                       0                       0                       0             
LS 2018C41000008032810/07/2018094915RGL5311014100108377109/07/201809/07/201809/07/201801780549Rgl/Facture 768582 CARTE D4          1550CB00    0             0768582                   0                       0                       0                       0                       0             
LS 2018C41000008032810/07/2018094915AGR4111000000108377109/07/201809/07/201809/07/201801780550Rgl/Fact  768583         C4          1750  00    0             0768583                   0                       0                       0                       0                       0             
LS 2018C41000008032810/07/2018094915RGL5311014100108377109/07/201809/07/201809/07/201801780550Rgl/Facture 768583 CARTE D4          1750CB00    0             0768583                   0                       0                       0                       0                       0             
LS 2018C41000008032810/07/2018094915AGR4111000000108377109/07/201809/07/201809/07/201801780551Rgl/Fact  768584         C4           640  00    0             0768584                   0                       0                       0                       0                       0             
LS 2018C41000008032810/07/2018094915RGL5311014100108377109/07/201809/07/201809/07/201801780551Rgl/Facture 768584 ESPECED4           640ES00    0             0768584                   0                       0                       0                       0                       0             
LS 2018C41000008032810/07/2018094915AGR4111000000108377109/07/201809/07/201809/07/201801780552Rgl/Fact  768585         C4          3324  00    0             0768585                   0                       0                       0                       0                       0             
LS 2018C41000008032810/07/2018094915RGL5311014100108377109/07/201809/07/201809/07/201801780552Rgl/Facture 768585 ESPECED4          3324ES00    0             0768585                   0                       0                       0                       0                       0             
LS 2018C41000008032810/07/2018094915AGR4111000000108377109/07/201809/07/201809/07/201801780553Rgl/Fact  768586         C4          1700  00    0             0768586                   0                       0                       0                       0                       0             
LS 2018C41000008032810/07/2018094915RGL5311014100108377109/07/201809/07/201809/07/201801780553Rgl/Facture 768586 CARTE D4          1700CB00    0             0768586                   0                       0                       0                       0                       0             
LS 2018C41000008032810/07/2018094915AGR4111000000108377109/07/201809/07/201809/07/201801780554Rgl/Fact  768587         C4           720  00    0             0768587                   0                       0                       0                       0                       0             
LS 2018C41000008032810/07/2018094915RGL5311014100108377109/07/201809/07/201809/07/201801780554Rgl/Facture 768587 CARTE D4           720CB00    0             0768587                   0                       0                       0                       0                       0             
LS 2018C41000008032810/07/2018094915AGR4111000000108377109/07/201809/07/201809/07/201801780555Rgl/Avoir  768588        D4          1599  00    0             0768588                   0                       0                       0                       0                       0             
LS 2018C41000008032810/07/2018094915RGL4197000000108377109/07/201809/07/201809/07/201801780555Rgl/Facture 768588 AVOIR C4          1599BA00    0             0768588                   0                       0                       0                       0                       0             
LS 2018C41000008032810/07/2018094915AGR4111000000108377109/07/201809/07/201809/07/201801780556Rgl/Fact  768589         C4          1499  00    0             0768589                   0                       0                       0                       0                       0             
LS 2018C41000008032810/07/2018094915RGL4197000000108377109/07/201809/07/201809/07/201801780556Rgl/Facture 768588 AVOIR D4          1499AV00    0             0768589                   0                       0                       0                       0                       0             
LS 2018C41000008032810/07/2018094915AGR4111000000108377109/07/201809/07/201809/07/201801780557Rgl/Fact  768590         C4          6578  00    0             0768590                   0                       0                       0                       0                       0             
LS 2018C41000008032810/07/2018094915RGL5311014100108377109/07/201809/07/201809/07/201801780557Rgl/Facture 768590 CARTE D4          6578CB00    0             0768590                   0                       0                       0                       0                       0             
LS 2018C41000008032810/07/2018094915AGR4111000000108377109/07/201809/07/201809/07/201801780558Rgl/Fact  768591         C4          1388  00    0             0768591                   0                       0                       0                       0                       0             
LS 2018C41000008032810/07/2018094915RGL5311014100108377109/07/201809/07/201809/07/201801780558Rgl/Facture 768591 CARTE D4          1388CB00    0             0768591                   0                       0                       0                       0                       0             
LS 2018C41000008032810/07/2018094915AGR4111000000108377109/07/201809/07/201809/07/201801780559Rgl/Fact  768592         C4           699  00    0             0768592                   0                       0                       0                       0                       0             
LS 2018C41000008032810/07/2018094915RGL5311014100108377109/07/201809/07/201809/07/201801780559Rgl/Facture 768592 CARTE D4           699CB00    0             0768592                   0                       0                       0                       0                       0             
LS 2018C41000008032810/07/2018094915AGR4111000000108377109/07/201809/07/201809/07/201801780560Rgl/Fact  768593         C4           819  00    0             0768593                   0                       0                       0                       0                       0             
LS 2018C41000008032810/07/2018094915RGL5311014100108377109/07/201809/07/201809/07/201801780560Rgl/Facture 768593 ESPECED4           819ES00    0             0768593                   0                       0                       0                       0                       0             
LS 2018C41000008032810/07/2018094915AGR4111000000108377109/07/201809/07/201809/07/201801780561Rgl/Fact  768594         C4           297  00    0             0768594                   0                       0                       0                       0                       0             
LS 2018C41000008032810/07/2018094915RGL5311014100108377109/07/201809/07/201809/07/201801780561Rgl/Facture 768594 ESPECED4           297ES00    0             0768594                   0                       0                       0                       0                       0             
LS 2018C41000008032810/07/2018094915AGR4111000000108377109/07/201809/07/201809/07/201801780562Rgl/Fact  768595         C4           879  00    0             0768595                   0                       0                       0                       0                       0             
LS 2018C41000008032810/07/2018094915RGL5311014100108377109/07/201809/07/201809/07/201801780562Rgl/Facture 768595 CARTE D4           879CB00    0             0768595                   0                       0                       0                       0                       0             
LS 2018C41000008032810/07/2018094915AGR4111000000108377109/07/201809/07/201809/07/201801780563Rgl/Fact  768596         C4          2449  00    0             0768596                   0                       0                       0                       0                       0             
LS 2018C41000008032810/07/2018094915RGL5311014100108377109/07/201809/07/201809/07/201801780563Rgl/Facture 768596 CARTE D4          2449CB00    0             0768596                   0                       0                       0                       0                       0             
LS 2018C41000008032810/07/2018094915AGR4111000000108377109/07/201809/07/201809/07/201801780564Rgl/Fact  768597         C4           399  00    0             0768597                   0                       0                       0                       0                       0             
LS 2018C41000008032810/07/2018094915RGL5311014100108377109/07/201809/07/201809/07/201801780564Rgl/Facture 768597 ESPECED4           399ES00    0             0768597                   0                       0                       0                       0                       0             
LS 2018C41000008032810/07/2018094915AGR4111000000108377109/07/201809/07/201809/07/201801780565Rgl/Fact  768598         C4           537  00    0             0768598                   0                       0                       0                       0                       0             
LS 2018C41000008032810/07/2018094915RGL5311014100108377109/07/201809/07/201809/07/201801780565Rgl/Facture 768598 ESPECED4           537ES00    0             0768598                   0                       0                       0                       0                       0             
LS 2018C41000008032810/07/2018094915AGR4111000000108377109/07/201809/07/201809/07/201801780566Rgl/Fact  768599         C4           978  00    0             0768599                   0                       0                       0                       0                       0             
LS 2018C41000008032810/07/2018094915RGL5311014100108377109/07/201809/07/201809/07/201801780566Rgl/Facture 768599 ESPECED4           978ES00    0             0768599                   0                       0                       0                       0                       0             
LS 2018C41000008032810/07/2018094915AGR4111000000108377109/07/201809/07/201809/07/201801780567Rgl/Fact  768600         C4           649  00    0             0768600                   0                       0                       0                       0                       0             
LS 2018C41000008032810/07/2018094915RGL5311014100108377109/07/201809/07/201809/07/201801780567Rgl/Facture 768600 ESPECED4           649ES00    0             0768600                   0                       0                       0                       0                       0             
LS 2018C41000008032810/07/2018094915AGR4111000000108377109/07/201809/07/201809/07/201801780568Rgl/Fact  768601         C4           789  00    0             0768601                   0                       0                       0                       0                       0             
LS 2018C41000008032810/07/2018094915RGL5311014100108377109/07/201809/07/201809/07/201801780568Rgl/Facture 768601 ESPECED4           789ES00    0             0768601                   0                       0                       0                       0                       0             
LS 2018C41000008032810/07/2018094915AGR4111000000108377109/07/201809/07/201809/07/201801780569Rgl/Fact  768602         C4          2830  00    0             0768602                   0                       0                       0                       0                       0             
LS 2018C41000008032810/07/2018094915RGL5311014100108377109/07/201809/07/201809/07/201801780569Rgl/Facture 768602 CARTE D4          2830CB00    0             0768602                   0                       0                       0                       0                       0             
LS 2018C41000008032810/07/2018094915AGR4111000000108377109/07/201809/07/201809/07/201801780570Rgl/Fact  768603         C4          2359  00    0             0768603                   0                       0                       0                       0                       0             
LS 2018C41000008032810/07/2018094915RGL5311014100108377109/07/201809/07/201809/07/201801780570Rgl/Facture 768603 CARTE D4          2359CB00    0             0768603                   0                       0                       0                       0                       0             
LS 2018C41000008032810/07/2018094915AGR4111000000108377109/07/201809/07/201809/07/201801780571Rgl/Fact  768604         C4          1595  00    0             0768604                   0                       0                       0                       0                       0             
LS 2018C41000008032810/07/2018094915RGL5311014100108377109/07/201809/07/201809/07/201801780571Rgl/Facture 768604 CARTE D4          1595CB00    0             0768604                   0                       0                       0                       0                       0             
LS 2018C41000008032810/07/2018094915AGR4111000000108377109/07/201809/07/201809/07/201801780572Rgl/Fact  768605         C4          2017  00    0             0768605                   0                       0                       0                       0                       0             
LS 2018C41000008032810/07/2018094915RGL5311014100108377109/07/201809/07/201809/07/201801780572Rgl/Facture 768605 CARTE D4          2017CB00    0             0768605                   0                       0                       0                       0                       0             
LS 2018C41000008032810/07/2018094915AGR4111000000108377109/07/201809/07/201809/07/201801780573Rgl/Fact  768606         C4          1996  00    0             0768606                   0                       0                       0                       0                       0             
LS 2018C41000008032810/07/2018094915RGL5311014100108377109/07/201809/07/201809/07/201801780573Rgl/Facture 768606 ESPECED4          1996ES00    0             0768606                   0                       0                       0                       0                       0             
LS 2018C41000008032810/07/2018094915AGR4111000000108377109/07/201809/07/201809/07/201801780574Rgl/Fact  768607         C4          6456  00    0             0768607                   0                       0                       0                       0                       0             
LS 2018C41000008032810/07/2018094915RGL5311014100108377109/07/201809/07/201809/07/201801780574Rgl/Facture 768607 CHEQUED4          6456CH00    0             0768607                   0                       0                       0                       0                       0             
LS 2018C41000008032810/07/2018094915AGR4111000000108377109/07/201809/07/201809/07/201801780575Rgl/Fact  768608         C4         14313  00    0             0768608                   0                       0                       0                       0                       0             
LS 2018C41000008032810/07/2018094915RGL5311014100108377109/07/201809/07/201809/07/201801780575Rgl/Facture 768608 CARTE D4         14313CB00    0             0768608                   0                       0                       0                       0                       0             
LS 2018C41000008032810/07/2018094915AGR4111000000108377109/07/201809/07/201809/07/201801780576Rgl/Fact  768609         C4           949  00    0             0768609                   0                       0                       0                       0                       0             
LS 2018C41000008032810/07/2018094915RGL5311014100108377109/07/201809/07/201809/07/201801780576Rgl/Facture 768609 CARTE D4           949CB00    0             0768609                   0                       0                       0                       0                       0             
LS 2018C41000008032810/07/2018094915AGR4111000000108377109/07/201809/07/201809/07/201801780577Rgl/Fact  768610         C4           349  00    0             0768610                   0                       0                       0                       0                       0             
LS 2018C41000008032810/07/2018094915RGL5311014100108377109/07/201809/07/201809/07/201801780577Rgl/Facture 768610 ESPECED4           349ES00    0             0768610                   0                       0                       0                       0                       0             
LS 2018C41000008032810/07/2018094915AGR4111000000108377109/07/201809/07/201809/07/201801780578Rgl/Fact  768611         C4          3099  00    0             0768611                   0                       0                       0                       0                       0             
LS 2018C41000008032810/07/2018094915RGL5311014100108377109/07/201809/07/201809/07/201801780578Rgl/Facture 768611 CHEQUED4          3099CH00    0             0768611                   0                       0                       0                       0                       0             
LS 2018C41000008032810/07/2018094915AGR4111000000108377109/07/201809/07/201809/07/201801780579Rgl/Fact  768612         C4           300  00    0             0768612                   0                       0                       0                       0                       0             
LS 2018C41000008032810/07/2018094915RGL5311014100108377109/07/201809/07/201809/07/201801780579Rgl/Facture 768612 ESPECED4           300ES00    0             0768612                   0                       0                       0                       0                       0             
LS 2018C41000008032810/07/2018094916AGR4111000000108377109/07/201809/07/201809/07/201801780580Rgl/Fact  768613         C4          1189  00    0             0768613                   0                       0                       0                       0                       0             
LS 2018C41000008032810/07/2018094916RGL5311014100108377109/07/201809/07/201809/07/201801780580Rgl/Facture 768613 ESPECED4          1189ES00    0             0768613                   0                       0                       0                       0                       0             
LS 2018C41000008032810/07/2018094916AGR4111000000108377109/07/201809/07/201809/07/201801780581Rgl/Fact  768614         C4          1235  00    0             0768614                   0                       0                       0                       0                       0             
LS 2018C41000008032810/07/2018094916RGL5311014100108377109/07/201809/07/201809/07/201801780581Rgl/Facture 768614 ESPECED4          1235ES00    0             0768614                   0                       0                       0                       0                       0             
LS 2018C41000008032810/07/2018094916AGR4111000000108377109/07/201809/07/201809/07/201801780582Rgl/Fact  768615         C4          5398  00    0             0768615                   0                       0                       0                       0                       0             
LS 2018C41000008032810/07/2018094916RGL5311014100108377109/07/201809/07/201809/07/201801780582Rgl/Facture 768615 CARTE D4          5398CB00    0             0768615                   0                       0                       0                       0                       0             
LS 2018C41000008032810/07/2018094916AGR4111000000108377109/07/201809/07/201809/07/201801780583Rgl/Fact  768616         C4           720  00    0             0768616                   0                       0                       0                       0                       0             
LS 2018C41000008032810/07/2018094916RGL5311014100108377109/07/201809/07/201809/07/201801780583Rgl/Facture 768616 ESPECED4           720ES00    0             0768616                   0                       0                       0                       0                       0             
LS 2018C41000008032810/07/2018094916AGR4111000000108377109/07/201809/07/201809/07/201801780584Rgl/Fact  768617         C4          2216  00    0             0768617                   0                       0                       0                       0                       0             
LS 2018C41000008032810/07/2018094916RGL5311014100108377109/07/201809/07/201809/07/201801780584Rgl/Facture 768617 CARTE D4          2216CB00    0             0768617                   0                       0                       0                       0                       0             
LS 2018C41000008032810/07/2018094916AGR4111000000108377109/07/201809/07/201809/07/201801780585Rgl/Fact  768618         C4          3876  00    0             0768618                   0                       0                       0                       0                       0             
LS 2018C41000008032810/07/2018094916RGL5311014100108377109/07/201809/07/201809/07/201801780585Rgl/Facture 768618 ESPECED4          3876ES00    0             0768618                   0                       0                       0                       0                       0             
LS 2018C41000008032810/07/2018094916AGR4111000000108377109/07/201809/07/201809/07/201801780586Rgl/Fact  768619         C4          1698  00    0             0768619                   0                       0                       0                       0                       0             
LS 2018C41000008032810/07/2018094916RGL5311014100108377109/07/201809/07/201809/07/201801780586Rgl/Facture 768619 CARTE D4          1698CB00    0             0768619                   0                       0                       0                       0                       0             
LS 2018C41000008032810/07/2018094916AGR4111000000108377109/07/201809/07/201809/07/201801780587Rgl/Fact  768620         C4           340  00    0             0768620                   0                       0                       0                       0                       0             
LS 2018C41000008032810/07/2018094916RGL5311014100108377109/07/201809/07/201809/07/201801780587Rgl/Facture 768620 ESPECED4           340ES00    0             0768620                   0                       0                       0                       0                       0             
LS 2018C41000008032810/07/2018094916AGR4111000000108377109/07/201809/07/201809/07/201801780588Rgl/Fact  768621         C4          1135  00    0             0768621                   0                       0                       0                       0                       0             
LS 2018C41000008032810/07/2018094916RGL5311014100108377109/07/201809/07/201809/07/201801780588Rgl/Facture 768621 CARTE D4          1135CB00    0             0768621                   0                       0                       0                       0                       0             
LS 2018C41000008032810/07/2018094916AGR4111000000108377109/07/201809/07/201809/07/201801780589Rgl/Fact  768622         C4          7389  00    0             0768622                   0                       0                       0                       0                       0             
LS 2018C41000008032810/07/2018094916RGL5311014100108377109/07/201809/07/201809/07/201801780589Rgl/Facture 768622 CARTE D4          7389CB00    0             0768622                   0                       0                       0                       0                       0             
LS 2018C41000008032810/07/2018094916AGR4111000000108377109/07/201809/07/201809/07/201801780590Rgl/Fact  768623         C4          2799  00    0             0768623                   0                       0                       0                       0                       0             
LS 2018C41000008032810/07/2018094916RGL5311014100108377109/07/201809/07/201809/07/201801780590Rgl/Facture 768623 ESPECED4          2799ES00    0             0768623                   0                       0                       0                       0                       0             
LS 2018C41000008032810/07/2018094916AGR4111000000108377109/07/201809/07/201809/07/201801780591Rgl/Fact  768624         C4          6247  00    0             0768624                   0                       0                       0                       0                       0             
LS 2018C41000008032810/07/2018094916RGL5311014100108377109/07/201809/07/201809/07/201801780591Rgl/Facture 768624 CARTE D4          6247CB00    0             0768624                   0                       0                       0                       0                       0             
LS 2018C41000008032810/07/2018094916AGR4111000000108377109/07/201809/07/201809/07/201801780592Rgl/Fact  768625         C4          3000  00    0             0768625                   0                       0                       0                       0                       0             
LS 2018C41000008032810/07/2018094916RGL5311014100108377109/07/201809/07/201809/07/201801780592Rgl/Facture 768625 CARTE D4          3000CB00    0             0768625                   0                       0                       0                       0                       0             
LS 2018C41000008032810/07/2018094916AGR4111000000108377109/07/201809/07/201809/07/201801780593Rgl/Fact  768626         C4          3192  00    0             0768626                   0                       0                       0                       0                       0             
LS 2018C41000008032810/07/2018094916RGL5311014100108377109/07/201809/07/201809/07/201801780593Rgl/Facture 768626 CARTE D4          3192CB00    0             0768626                   0                       0                       0                       0                       0             
LS 2018C41000008032810/07/2018094916AGR4111000000108377109/07/201809/07/201809/07/201801780594Rgl/Fact  768627         C4         26993  00    0             0768627                   0                       0                       0                       0                       0             
LS 2018C41000008032810/07/2018094916RGL5311014100108377109/07/201809/07/201809/07/201801780594Rgl/Facture 768627 CARTE D4         26993CB00    0             0768627                   0                       0                       0                       0                       0             
LS 2018C41000008032810/07/2018094916AGR4111000000108377109/07/201809/07/201809/07/201801780595Rgl/Fact  768628         C4           897  00    0             0768628                   0                       0                       0                       0                       0             
LS 2018C41000008032810/07/2018094916RGL5311014100108377109/07/201809/07/201809/07/201801780595Rgl/Facture 768628 CARTE D4           897CB00    0             0768628                   0                       0                       0                       0                       0             
LS 2018C41000008032810/07/2018094916AGR4111000000108377109/07/201809/07/201809/07/201801780596Rgl/Fact  768629         C4          4697  00    0             0768629                   0                       0                       0                       0                       0             
LS 2018C41000008032810/07/2018094916RGL5311014100108377109/07/201809/07/201809/07/201801780596Rgl/Facture 768629 CARTE D4          4697CB00    0             0768629                   0                       0                       0                       0                       0             
LS 2018C41000008032810/07/2018094916AGR4111000000108377109/07/201809/07/201809/07/201801780597Rgl/Fact  768630         C4           537  00    0             0768630                   0                       0                       0                       0                       0             
LS 2018C41000008032810/07/2018094916RGL5311014100108377109/07/201809/07/201809/07/201801780597Rgl/Facture 768630 CARTE D4           537CB00    0             0768630                   0                       0                       0                       0                       0             
LS 2018C41000008032810/07/2018094916AGR4111000000108377109/07/201809/07/201809/07/201801780598Rgl/Fact  768631         C4           200  00    0             0768631                   0                       0                       0                       0                       0             
LS 2018C41000008032810/07/2018094916RGL5311014100108377109/07/201809/07/201809/07/201801780598Rgl/Facture 768631 ESPECED4           200ES00    0             0768631                   0                       0                       0                       0                       0             
LS 2018C41000008032810/07/2018094916AGR4111000000108377109/07/201809/07/201809/07/201801780599Rgl/Fact  768632         C4          4891  00    0             0768632                   0                       0                       0                       0                       0             
LS 2018C41000008032810/07/2018094916RGL5311014100108377109/07/201809/07/201809/07/201801780599Rgl/Facture 768632 CARTE D4          4891CB00    0             0768632                   0                       0                       0                       0                       0             
LS 2018C41000008032810/07/2018094916AGR4111000000108377109/07/201809/07/201809/07/201801780600Rgl/Fact  768633         C4          1857  00    0             0768633                   0                       0                       0                       0                       0             
LS 2018C41000008032810/07/2018094916RGL5311014100108377109/07/201809/07/201809/07/201801780600Rgl/Facture 768633 CARTE D4          1857CB00    0             0768633                   0                       0                       0                       0                       0             
LS 2018C41000008032810/07/2018094916AGR4111000000108377109/07/201809/07/201809/07/201801780601Rgl/Fact  768634         C4          1305  00    0             0768634                   0                       0                       0                       0                       0             
LS 2018C41000008032810/07/2018094916RGL5311014100108377109/07/201809/07/201809/07/201801780601Rgl/Facture 768634 CARTE D4          1305CB00    0             0768634                   0                       0                       0                       0                       0             
LS 2018C41000008032810/07/2018094916AGR4111000000108377109/07/201809/07/201809/07/201801780602Rgl/Fact  768635         C4           720  00    0             0768635                   0                       0                       0                       0                       0             
LS 2018C41000008032810/07/2018094916RGL5311014100108377109/07/201809/07/201809/07/201801780602Rgl/Facture 768635 CARTE D4           720CB00    0             0768635                   0                       0                       0                       0                       0             
LS 2018C41000008032810/07/2018094916AGR4111000000108377109/07/201809/07/201809/07/201801780603Rgl/Fact  768636         C4          3059  00    0             0768636                   0                       0                       0                       0                       0             
LS 2018C41000008032810/07/2018094916RGL5311014100108377109/07/201809/07/201809/07/201801780603Rgl/Facture 768636 CARTE D4          3059CB00    0             0768636                   0                       0                       0                       0                       0             
LS 2018C41000008032810/07/2018094916AGR4111000000108377109/07/201809/07/201809/07/201801780604Rgl/Fact  768637         C4          1185  00    0             0768637                   0                       0                       0                       0                       0             
LS 2018C41000008032810/07/2018094916RGL5311014100108377109/07/201809/07/201809/07/201801780604Rgl/Facture 768637 ESPECED4          1185ES00    0             0768637                   0                       0                       0                       0                       0             
LS 2018C41000008032810/07/2018094916AGR4111000000108377109/07/201809/07/201809/07/201801780605Rgl/Fact  768638         C4           739  00    0             0768638                   0                       0                       0                       0                       0             
LS 2018C41000008032810/07/2018094916RGL5311014100108377109/07/201809/07/201809/07/201801780605Rgl/Facture 768638 ESPECED4           739ES00    0             0768638                   0                       0                       0                       0                       0             
LS 2018C41000008032810/07/2018094916AGR4111000000108377109/07/201809/07/201809/07/201801780606Rgl/Fact  768639         C4           379  00    0             0768639                   0                       0                       0                       0                       0             
LS 2018C41000008032810/07/2018094916RGL5311014100108377109/07/201809/07/201809/07/201801780606Rgl/Facture 768639 ESPECED4           379ES00    0             0768639                   0                       0                       0                       0                       0             
LS 2018C41000008032810/07/2018094916AGR4111000000108377109/07/201809/07/201809/07/201801780607Rgl/Fact  768640         C4          2848  00    0             0768640                   0                       0                       0                       0                       0             
LS 2018C41000008032810/07/2018094916RGL5311014100108377109/07/201809/07/201809/07/201801780607Rgl/Facture 768640 CARTE D4          2848CB00    0             0768640                   0                       0                       0                       0                       0             
LS 2018C41000008032810/07/2018094916AGR4111000000108377109/07/201809/07/201809/07/201801780608Rgl/Fact  768641         C4          2299  00    0             0768641                   0                       0                       0                       0                       0             
LS 2018C41000008032810/07/2018094916RGL5311014100108377109/07/201809/07/201809/07/201801780608Rgl/Facture 768641 CARTE D4          2299CB00    0             0768641                   0                       0                       0                       0                       0             
LS 2018C41000008032810/07/2018094916AGR4111000000108377109/07/201809/07/201809/07/201801780609Rgl/Fact  768642         C4          2745  00    0             0768642                   0                       0                       0                       0                       0             
LS 2018C41000008032810/07/2018094916RGL5311014100108377109/07/201809/07/201809/07/201801780609Rgl/Facture 768642 ESPECED4          2745ES00    0             0768642                   0                       0                       0                       0                       0             
LS 2018C41000008032810/07/2018094916AGR4111000000108377109/07/201809/07/201809/07/201801780610Rgl/Fact  768643         C4          4900  00    0             0768643                   0                       0                       0                       0                       0             
LS 2018C41000008032810/07/2018094916RGL5311014100108377109/07/201809/07/201809/07/201801780610Rgl/Facture 768643 CARTE D4          4900CB00    0             0768643                   0                       0                       0                       0                       0             
LS 2018C41000008032810/07/2018094916AGR4111000000108377109/07/201809/07/201809/07/201801780611Rgl/Fact  768644         C4          1499  00    0             0768644                   0                       0                       0                       0                       0             
LS 2018C41000008032810/07/2018094916RGL5311014100108377109/07/201809/07/201809/07/201801780611Rgl/Facture 768644 CARTE D4          1499CB00    0             0768644                   0                       0                       0                       0                       0             
LS 2018C41000008032810/07/2018094916AGR4111000000108377109/07/201809/07/201809/07/201801780612Rgl/Fact  768645         C4          3298  00    0             0768645                   0                       0                       0                       0                       0             
LS 2018C41000008032810/07/2018094916RGL5311014100108377109/07/201809/07/201809/07/201801780612Rgl/Facture 768645 CARTE D4          3298CB00    0             0768645                   0                       0                       0                       0                       0             
LS 2018C41000008032810/07/2018094916AGR4111000000108377109/07/201809/07/201809/07/201801780613Rgl/Avoir  768646        D4           449  00    0             0768646                   0                       0                       0                       0                       0             
LS 2018C41000008032810/07/2018094916RGL4197000000108377109/07/201809/07/201809/07/201801780613Rgl/Facture 768646 AVOIR C4           449BA00    0             0768646                   0                       0                       0                       0                       0             
LS 2018C41000008032810/07/2018094916AGR4111000000108377109/07/201809/07/201809/07/201801780614Rgl/Fact  768647         C4           499  00    0             0768647                   0                       0                       0                       0                       0             
LS 2018C41000008032810/07/2018094916RGL4197000000108377109/07/201809/07/201809/07/201801780614Rgl/Facture 768646 AVOIR D4           449AV00    0             0768647                   0                       0                       0                       0                       0             
LS 2018C41000008032810/07/2018094916RGL5311014100108377109/07/201809/07/201809/07/201801780614Rgl/Facture 768647 ESPECED4            50ES00    0             0768647                   0                       0                       0                       0                       0             
LS 2018C41000008032810/07/2018094916AGR4111000000108377109/07/201809/07/201809/07/201801780615Rgl/Fact  768648         C4          3467  00    0             0768648                   0                       0                       0                       0                       0             
LS 2018C41000008032810/07/2018094916RGL5311014100108377109/07/201809/07/201809/07/201801780615Rgl/Facture 768648 CARTE D4          3467CB00    0             0768648                   0                       0                       0                       0                       0             
LS 2018C41000008032810/07/2018094916AGR4111000000108377109/07/201809/07/201809/07/201801780617Rgl/Fact  768650         C4          2499  00    0             0768650                   0                       0                       0                       0                       0             
LS 2018C41000008032810/07/2018094916RGL5311014100108377109/07/201809/07/201809/07/201801780617Rgl/Facture 768650 CARTE D4          2499CB00    0             0768650                   0                       0                       0                       0                       0             
LS 2018C41000008032810/07/2018094916AGR4111000000108377109/07/201809/07/201809/07/201801780618Rgl/Fact  768651         C4          1199  00    0             0768651                   0                       0                       0                       0                       0             
LS 2018C41000008032810/07/2018094916RGL5311014100108377109/07/201809/07/201809/07/201801780618Rgl/Facture 768651 ESPECED4          1199ES00    0             0768651                   0                       0                       0                       0                       0             
LS 2018C41000008032810/07/2018094916AGR4111000000108377109/07/201809/07/201809/07/201801780619Rgl/Fact  768652         C4          3625  00    0             0768652                   0                       0                       0                       0                       0             
LS 2018C41000008032810/07/2018094916RGL5311014100108377109/07/201809/07/201809/07/201801780619Rgl/Facture 768652 CARTE D4          3625CB00    0             0768652                   0                       0                       0                       0                       0             
LS 2018C41000008032810/07/2018094916AGR4111000000108377109/07/201809/07/201809/07/201801780620Rgl/Fact  768653         C4          2147  00    0             0768653                   0                       0                       0                       0                       0             
LS 2018C41000008032810/07/2018094916RGL5311014100108377109/07/201809/07/201809/07/201801780620Rgl/Facture 768653 CARTE D4          2147CB00    0             0768653                   0                       0                       0                       0                       0             
LS 2018C41000008032810/07/2018094916AGR4111000002210073409/07/201809/07/201809/07/201801780616Rgl/Fact  768649         C4          1837  00    0             0768649                   0                       0                       0                       0                       0             
LS 2018C41000008032810/07/2018094916RGL5311014102210073409/07/201809/07/201809/07/201801780616Rgl/Facture 768649 CARTE D4          1837CB00    0             0768649                   0                       0                       0                       0                       0             
LS 2018C41000008032810/07/2018094916RGL5820000001083771 09/07/201809/07/201809/07/201801780624141/Remise CH  2173365   D4          9555CH00    0             0173365                   0                       0                       0                       0                       0             
LS 2018C41000008032810/07/2018094916RGL531101410        09/07/201809/07/201809/07/201801780624141/Remise CH  2173365 CHC4          9555CH00    0             0173365                   0                       0                       0                       0                       0             
LS 2018C41000008032810/07/2018094916RGL5830000001083771 09/07/201809/07/201809/07/201801780625141/Remise CB            D4        177564CB00    0             0000000                   0                       0                       0                       0                       0             
LS 2018C41000008032810/07/2018094916RGL531101410        09/07/201809/07/201809/07/201801780625141/Remise CB   CARTE    C4        177564CB00    0             0000000                   0                       0                       0                       0                       0             
LS 2018C41000008032810/07/2018094916RGL5810000001083771 09/07/201809/07/201809/07/201801780628141/Remise ES            D4         52874ES00    0             0000000                   0                       0                       0                       0                       0             
LS 2018C41000008032810/07/2018094916RGL531101410        09/07/201809/07/201809/07/201801780628141/Remise ES   ESPECE   C4         52874ES00    0             0000000                   0                       0                       0                       0                       0             
