LS 2018C20000008032110/07/2018094904AGR4111000000900299809/07/201809/07/201809/07/201801168307Rgl/Fact  157788         C4           570  00    0             0157788                   0                       0                       0                       0                       0             
LS 2018C20000008032110/07/2018094904RGL5311022000900299809/07/201809/07/201809/07/201801168307Rgl/Facture 157788 ESPECED4           570ES00    0             0157788                   0                       0                       0                       0                       0             
LS 2018C20000008032110/07/2018094905AGR4111000000900299809/07/201809/07/201809/07/201801168308Rgl/Fact  157789         C4          4327  00    0             0157789                   0                       0                       0                       0                       0             
LS 2018C20000008032110/07/2018094905RGL5311022000900299809/07/201809/07/201809/07/201801168308Rgl/Facture 157789 CHEQUED4          4327CH00    0             0157789                   0                       0                       0                       0                       0             
LS 2018C20000008032110/07/2018094905AGR4111000000900299809/07/201809/07/201809/07/201801168309Rgl/Fact  157790         C4           769  00    0             0157790                   0                       0                       0                       0                       0             
LS 2018C20000008032110/07/2018094905RGL5311022000900299809/07/201809/07/201809/07/201801168309Rgl/Facture 157790 ESPECED4           769ES00    0             0157790                   0                       0                       0                       0                       0             
LS 2018C20000008032110/07/2018094905AGR4111000000900299809/07/201809/07/201809/07/201801168310Rgl/Fact  157791         C4           296  00    0             0157791                   0                       0                       0                       0                       0             
LS 2018C20000008032110/07/2018094905RGL5311022000900299809/07/201809/07/201809/07/201801168310Rgl/Facture 157791 ESPECED4           296ES00    0             0157791                   0                       0                       0                       0                       0             
LS 2018C20000008032110/07/2018094905AGR4111000000900299809/07/201809/07/201809/07/201801168311Rgl/Fact  157792         C4           698  00    0             0157792                   0                       0                       0                       0                       0             
LS 2018C20000008032110/07/2018094905RGL5311022000900299809/07/201809/07/201809/07/201801168311Rgl/Facture 157792 ESPECED4           698ES00    0             0157792                   0                       0                       0                       0                       0             
LS 2018C20000008032110/07/2018094905AGR4111000000900299809/07/201809/07/201809/07/201801168312Rgl/Fact  157793         C4          1500  00    0             0157793                   0                       0                       0                       0                       0             
LS 2018C20000008032110/07/2018094905RGL5311022000900299809/07/201809/07/201809/07/201801168312Rgl/Facture 157793 ESPECED4          1500ES00    0             0157793                   0                       0                       0                       0                       0             
LS 2018C20000008032110/07/2018094905AGR4111000000900299809/07/201809/07/201809/07/201801168313Rgl/Fact  157794         C4          1599  00    0             0157794                   0                       0                       0                       0                       0             
LS 2018C20000008032110/07/2018094905RGL5311022000900299809/07/201809/07/201809/07/201801168313Rgl/Facture 157794 ESPECED4          1599ES00    0             0157794                   0                       0                       0                       0                       0             
LS 2018C20000008032110/07/2018094905AGR4111000000900299809/07/201809/07/201809/07/201801168314Rgl/Fact  157795         C4           598  00    0             0157795                   0                       0                       0                       0                       0             
LS 2018C20000008032110/07/2018094905RGL5311022000900299809/07/201809/07/201809/07/201801168314Rgl/Facture 157795 ESPECED4           598ES00    0             0157795                   0                       0                       0                       0                       0             
LS 2018C20000008032110/07/2018094905AGR4111000000900299809/07/201809/07/201809/07/201801168315Rgl/Fact  157796         C4           816  00    0             0157796                   0                       0                       0                       0                       0             
LS 2018C20000008032110/07/2018094905RGL5311022000900299809/07/201809/07/201809/07/201801168315Rgl/Facture 157796 ESPECED4           816ES00    0             0157796                   0                       0                       0                       0                       0             
LS 2018C20000008032110/07/2018094905AGR4111000000900299809/07/201809/07/201809/07/201801168316Rgl/Fact  157797         C4          1149  00    0             0157797                   0                       0                       0                       0                       0             
LS 2018C20000008032110/07/2018094905RGL5311022000900299809/07/201809/07/201809/07/201801168316Rgl/Facture 157797 ESPECED4          1149ES00    0             0157797                   0                       0                       0                       0                       0             
LS 2018C20000008032110/07/2018094905AGR4111000000900299809/07/201809/07/201809/07/201801168317Rgl/Fact  157798         C4          1388  00    0             0157798                   0                       0                       0                       0                       0             
LS 2018C20000008032110/07/2018094905RGL5311022000900299809/07/201809/07/201809/07/201801168317Rgl/Facture 157798 CARTE D4          1388CB00    0             0157798                   0                       0                       0                       0                       0             
LS 2018C20000008032110/07/2018094905AGR4111000000900299809/07/201809/07/201809/07/201801168318Rgl/Fact  157799         C4           249  00    0             0157799                   0                       0                       0                       0                       0             
LS 2018C20000008032110/07/2018094905RGL5311022000900299809/07/201809/07/201809/07/201801168318Rgl/Facture 157799 ESPECED4           249ES00    0             0157799                   0                       0                       0                       0                       0             
LS 2018C20000008032110/07/2018094905AGR4111000000900299809/07/201809/07/201809/07/201801168319Rgl/Fact  157800         C4          1532  00    0             0157800                   0                       0                       0                       0                       0             
LS 2018C20000008032110/07/2018094905RGL5311022000900299809/07/201809/07/201809/07/201801168319Rgl/Facture 157800 CARTE D4          1532CB00    0             0157800                   0                       0                       0                       0                       0             
LS 2018C20000008032110/07/2018094905AGR4111000000900299809/07/201809/07/201809/07/201801168320Rgl/Fact  157801         C4          2173  00    0             0157801                   0                       0                       0                       0                       0             
LS 2018C20000008032110/07/2018094905RGL5311022000900299809/07/201809/07/201809/07/201801168320Rgl/Facture 157801 CARTE D4          2173CB00    0             0157801                   0                       0                       0                       0                       0             
LS 2018C20000008032110/07/2018094905AGR4111000000900299809/07/201809/07/201809/07/201801168321Rgl/Fact  157802         C4          1499  00    0             0157802                   0                       0                       0                       0                       0             
LS 2018C20000008032110/07/2018094905RGL5311022000900299809/07/201809/07/201809/07/201801168321Rgl/Facture 157802 ESPECED4          1499ES00    0             0157802                   0                       0                       0                       0                       0             
LS 2018C20000008032110/07/2018094905AGR4111000000900299809/07/201809/07/201809/07/201801168322Rgl/Fact  157803         C4           849  00    0             0157803                   0                       0                       0                       0                       0             
LS 2018C20000008032110/07/2018094905RGL5311022000900299809/07/201809/07/201809/07/201801168322Rgl/Facture 157803 ESPECED4           849ES00    0             0157803                   0                       0                       0                       0                       0             
LS 2018C20000008032110/07/2018094905AGR4111000000900299809/07/201809/07/201809/07/201801168323Rgl/Fact  157804         C4          8007  00    0             0157804                   0                       0                       0                       0                       0             
LS 2018C20000008032110/07/2018094905RGL5311022000900299809/07/201809/07/201809/07/201801168323Rgl/Facture 157804 CARTE D4          8007CB00    0             0157804                   0                       0                       0                       0                       0             
LS 2018C20000008032110/07/2018094905AGR4111000000900299809/07/201809/07/201809/07/201801168324Rgl/Fact  157805         C4         13129  00    0             0157805                   0                       0                       0                       0                       0             
LS 2018C20000008032110/07/2018094905RGL5311022000900299809/07/201809/07/201809/07/201801168324Rgl/Facture 157805 CHEQUED4         13129CH00    0             0157805                   0                       0                       0                       0                       0             
LS 2018C20000008032110/07/2018094905AGR4111000000900299809/07/201809/07/201809/07/201801168325Rgl/Fact  157806         C4          2996  00    0             0157806                   0                       0                       0                       0                       0             
LS 2018C20000008032110/07/2018094905RGL5311022000900299809/07/201809/07/201809/07/201801168325Rgl/Facture 157806 CHEQUED4          2996CH00    0             0157806                   0                       0                       0                       0                       0             
LS 2018C20000008032110/07/2018094905AGR4111000000900299809/07/201809/07/201809/07/201801168326Rgl/Fact  157807         C4           745  00    0             0157807                   0                       0                       0                       0                       0             
LS 2018C20000008032110/07/2018094905RGL5311022000900299809/07/201809/07/201809/07/201801168326Rgl/Facture 157807 ESPECED4           745ES00    0             0157807                   0                       0                       0                       0                       0             
LS 2018C20000008032110/07/2018094905AGR4111000000900299809/07/201809/07/201809/07/201801168327Rgl/Fact  157808         C4           459  00    0             0157808                   0                       0                       0                       0                       0             
LS 2018C20000008032110/07/2018094905RGL5311022000900299809/07/201809/07/201809/07/201801168327Rgl/Facture 157808 ESPECED4           459ES00    0             0157808                   0                       0                       0                       0                       0             
LS 2018C20000008032110/07/2018094905AGR4111000000900299809/07/201809/07/201809/07/201801168328Rgl/Fact  157809         C4           290  00    0             0157809                   0                       0                       0                       0                       0             
LS 2018C20000008032110/07/2018094905RGL5311022000900299809/07/201809/07/201809/07/201801168328Rgl/Facture 157809 ESPECED4           290ES00    0             0157809                   0                       0                       0                       0                       0             
LS 2018C20000008032110/07/2018094905AGR4111000000900299809/07/201809/07/201809/07/201801168329Rgl/Fact  157810         C4           320  00    0             0157810                   0                       0                       0                       0                       0             
LS 2018C20000008032110/07/2018094905RGL5311022000900299809/07/201809/07/201809/07/201801168329Rgl/Facture 157810 ESPECED4           320ES00    0             0157810                   0                       0                       0                       0                       0             
LS 2018C20000008032110/07/2018094905AGR4111000000900299809/07/201809/07/201809/07/201801168330Rgl/Fact  157811         C4          1786  00    0             0157811                   0                       0                       0                       0                       0             
LS 2018C20000008032110/07/2018094905RGL5311022000900299809/07/201809/07/201809/07/201801168330Rgl/Facture 157811 ESPECED4          1786ES00    0             0157811                   0                       0                       0                       0                       0             
LS 2018C20000008032110/07/2018094905AGR4111000000900299809/07/201809/07/201809/07/201801168331Rgl/Fact  157812         C4          4673  00    0             0157812                   0                       0                       0                       0                       0             
LS 2018C20000008032110/07/2018094905RGL5311022000900299809/07/201809/07/201809/07/201801168331Rgl/Facture 157812 ESPECED4          4673ES00    0             0157812                   0                       0                       0                       0                       0             
LS 2018C20000008032110/07/2018094905AGR4111000000900299809/07/201809/07/201809/07/201801168332Rgl/Fact  157813         C4          3173  00    0             0157813                   0                       0                       0                       0                       0             
LS 2018C20000008032110/07/2018094905RGL5311022000900299809/07/201809/07/201809/07/201801168332Rgl/Facture 157813 CARTE D4          3173CB00    0             0157813                   0                       0                       0                       0                       0             
LS 2018C20000008032110/07/2018094905AGR4111000000900299809/07/201809/07/201809/07/201801168333Rgl/Fact  157814         C4          1260  00    0             0157814                   0                       0                       0                       0                       0             
LS 2018C20000008032110/07/2018094905RGL5311022000900299809/07/201809/07/201809/07/201801168333Rgl/Facture 157814 CARTE D4          1260CB00    0             0157814                   0                       0                       0                       0                       0             
LS 2018C20000008032110/07/2018094905AGR4111000000900299809/07/201809/07/201809/07/201801168334Rgl/Fact  157815         C4          5735  00    0             0157815                   0                       0                       0                       0                       0             
LS 2018C20000008032110/07/2018094905RGL5311022000900299809/07/201809/07/201809/07/201801168334Rgl/Facture 157815 CARTE D4          5735CB00    0             0157815                   0                       0                       0                       0                       0             
LS 2018C20000008032110/07/2018094905AGR4111000000900299809/07/201809/07/201809/07/201801168335Rgl/Fact  157816         C4         12633  00    0             0157816                   0                       0                       0                       0                       0             
LS 2018C20000008032110/07/2018094905RGL5311022000900299809/07/201809/07/201809/07/201801168335Rgl/Facture 157816 CARTE D4         12633CB00    0             0157816                   0                       0                       0                       0                       0             
LS 2018C20000008032110/07/2018094905AGR4111000000900299809/07/201809/07/201809/07/201801168336Rgl/Fact  157817         C4          3845  00    0             0157817                   0                       0                       0                       0                       0             
LS 2018C20000008032110/07/2018094905RGL5311022000900299809/07/201809/07/201809/07/201801168336Rgl/Facture 157817 CARTE D4          3845CB00    0             0157817                   0                       0                       0                       0                       0             
LS 2018C20000008032110/07/2018094905AGR4111000000900299809/07/201809/07/201809/07/201801168337Rgl/Fact  157818         C4          5474  00    0             0157818                   0                       0                       0                       0                       0             
LS 2018C20000008032110/07/2018094905RGL5311022000900299809/07/201809/07/201809/07/201801168337Rgl/Facture 157818 CARTE D4          5474CB00    0             0157818                   0                       0                       0                       0                       0             
LS 2018C20000008032110/07/2018094905AGR4111000000900299809/07/201809/07/201809/07/201801168338Rgl/Fact  157819         C4          2499  00    0             0157819                   0                       0                       0                       0                       0             
LS 2018C20000008032110/07/2018094905RGL5311022000900299809/07/201809/07/201809/07/201801168338Rgl/Facture 157819 CARTE D4          2499CB00    0             0157819                   0                       0                       0                       0                       0             
LS 2018C20000008032110/07/2018094905AGR4111000000900299809/07/201809/07/201809/07/201801168339Rgl/Fact  157820         C4           359  00    0             0157820                   0                       0                       0                       0                       0             
LS 2018C20000008032110/07/2018094905RGL5311022000900299809/07/201809/07/201809/07/201801168339Rgl/Facture 157820 ESPECED4           359ES00    0             0157820                   0                       0                       0                       0                       0             
LS 2018C20000008032110/07/2018094905AGR4111000000900299809/07/201809/07/201809/07/201801168340Rgl/Fact  157821         C4           414  00    0             0157821                   0                       0                       0                       0                       0             
LS 2018C20000008032110/07/2018094905RGL5311022000900299809/07/201809/07/201809/07/201801168340Rgl/Facture 157821 ESPECED4           414ES00    0             0157821                   0                       0                       0                       0                       0             
LS 2018C20000008032110/07/2018094905AGR4111000000900299809/07/201809/07/201809/07/201801168341Rgl/Fact  157822         C4           995  00    0             0157822                   0                       0                       0                       0                       0             
LS 2018C20000008032110/07/2018094905RGL5311022000900299809/07/201809/07/201809/07/201801168341Rgl/Facture 157822 ESPECED4           995ES00    0             0157822                   0                       0                       0                       0                       0             
LS 2018C20000008032110/07/2018094905AGR4111000000900299809/07/201809/07/201809/07/201801168342Rgl/Fact  157823         C4          1348  00    0             0157823                   0                       0                       0                       0                       0             
LS 2018C20000008032110/07/2018094905RGL5311022000900299809/07/201809/07/201809/07/201801168342Rgl/Facture 157823 ESPECED4          1348ES00    0             0157823                   0                       0                       0                       0                       0             
LS 2018C20000008032110/07/2018094905AGR4111000000900299809/07/201809/07/201809/07/201801168343Rgl/Fact  157824         C4          4469  00    0             0157824                   0                       0                       0                       0                       0             
LS 2018C20000008032110/07/2018094905RGL5311022000900299809/07/201809/07/201809/07/201801168343Rgl/Facture 157824 CHEQUED4          4469CH00    0             0157824                   0                       0                       0                       0                       0             
LS 2018C20000008032110/07/2018094905AGR4111000000900299809/07/201809/07/201809/07/201801168344Rgl/Fact  157825         C4           755  00    0             0157825                   0                       0                       0                       0                       0             
LS 2018C20000008032110/07/2018094905RGL5311022000900299809/07/201809/07/201809/07/201801168344Rgl/Facture 157825 CARTE D4           755CB00    0             0157825                   0                       0                       0                       0                       0             
LS 2018C20000008032110/07/2018094905AGR4111000000900299809/07/201809/07/201809/07/201801168345Rgl/Fact  157826         C4          3004  00    0             0157826                   0                       0                       0                       0                       0             
LS 2018C20000008032110/07/2018094905RGL5311022000900299809/07/201809/07/201809/07/201801168345Rgl/Facture 157826 CARTE D4          3004CB00    0             0157826                   0                       0                       0                       0                       0             
LS 2018C20000008032110/07/2018094905AGR4111000000900299809/07/201809/07/201809/07/201801168346Rgl/Fact  157827         C4          1408  00    0             0157827                   0                       0                       0                       0                       0             
LS 2018C20000008032110/07/2018094905RGL5311022000900299809/07/201809/07/201809/07/201801168346Rgl/Facture 157827 CARTE D4          1408CB00    0             0157827                   0                       0                       0                       0                       0             
LS 2018C20000008032110/07/2018094905AGR4111000000900299809/07/201809/07/201809/07/201801168347Rgl/Fact  157828         C4          2348  00    0             0157828                   0                       0                       0                       0                       0             
LS 2018C20000008032110/07/2018094905RGL5311022000900299809/07/201809/07/201809/07/201801168347Rgl/Facture 157828 CHEQUED4          2348CH00    0             0157828                   0                       0                       0                       0                       0             
LS 2018C20000008032110/07/2018094905AGR4111000000900299809/07/201809/07/201809/07/201801168348Rgl/Fact  157829         C4          1737  00    0             0157829                   0                       0                       0                       0                       0             
LS 2018C20000008032110/07/2018094905RGL5311022000900299809/07/201809/07/201809/07/201801168348Rgl/Facture 157829 CARTE D4          1737CB00    0             0157829                   0                       0                       0                       0                       0             
LS 2018C20000008032110/07/2018094905AGR4111000000900299809/07/201809/07/201809/07/201801168349Rgl/Fact  157830         C4          1499  00    0             0157830                   0                       0                       0                       0                       0             
LS 2018C20000008032110/07/2018094905RGL5311022000900299809/07/201809/07/201809/07/201801168349Rgl/Facture 157830 ESPECED4          1499ES00    0             0157830                   0                       0                       0                       0                       0             
LS 2018C20000008032110/07/2018094905AGR4111000000900299809/07/201809/07/201809/07/201801168350Rgl/Fact  157831         C4           662  00    0             0157831                   0                       0                       0                       0                       0             
LS 2018C20000008032110/07/2018094905RGL5311022000900299809/07/201809/07/201809/07/201801168350Rgl/Facture 157831 ESPECED4           662ES00    0             0157831                   0                       0                       0                       0                       0             
LS 2018C20000008032110/07/2018094905AGR4111000000900299809/07/201809/07/201809/07/201801168351Rgl/Fact  157832         C4          1695  00    0             0157832                   0                       0                       0                       0                       0             
LS 2018C20000008032110/07/2018094905RGL5311022000900299809/07/201809/07/201809/07/201801168351Rgl/Facture 157832 CARTE D4          1695CB00    0             0157832                   0                       0                       0                       0                       0             
LS 2018C20000008032110/07/2018094905AGR4111000000900299809/07/201809/07/201809/07/201801168352Rgl/Fact  157833         C4          1437  00    0             0157833                   0                       0                       0                       0                       0             
LS 2018C20000008032110/07/2018094905RGL5311022000900299809/07/201809/07/201809/07/201801168352Rgl/Facture 157833 ESPECED4          1437ES00    0             0157833                   0                       0                       0                       0                       0             
LS 2018C20000008032110/07/2018094905AGR4111000000900299809/07/201809/07/201809/07/201801168353Rgl/Fact  157834         C4          6748  00    0             0157834                   0                       0                       0                       0                       0             
LS 2018C20000008032110/07/2018094905RGL5311022000900299809/07/201809/07/201809/07/201801168353Rgl/Facture 157834 CARTE D4          6748CB00    0             0157834                   0                       0                       0                       0                       0             
LS 2018C20000008032110/07/2018094905AGR4111000000900299809/07/201809/07/201809/07/201801168354Rgl/Fact  157835         C4          2580  00    0             0157835                   0                       0                       0                       0                       0             
LS 2018C20000008032110/07/2018094905RGL5311022000900299809/07/201809/07/201809/07/201801168354Rgl/Facture 157835 CARTE D4          2580CB00    0             0157835                   0                       0                       0                       0                       0             
LS 2018C20000008032110/07/2018094905AGR4111000000900299809/07/201809/07/201809/07/201801168355Rgl/Fact  157836         C4          2025  00    0             0157836                   0                       0                       0                       0                       0             
LS 2018C20000008032110/07/2018094905RGL5311022000900299809/07/201809/07/201809/07/201801168355Rgl/Facture 157836 ESPECED4          2025ES00    0             0157836                   0                       0                       0                       0                       0             
LS 2018C20000008032110/07/2018094905RGL5820000009002998 09/07/201809/07/201809/07/201801168357220/Remise CH  1762927   D4         27269CH00    0             0762927                   0                       0                       0                       0                       0             
LS 2018C20000008032110/07/2018094905RGL531102200        09/07/201809/07/201809/07/201801168357220/Remise CH  1762927 CHC4         27269CH00    0             0762927                   0                       0                       0                       0                       0             
LS 2018C20000008032110/07/2018094905RGL5830000009002998 09/07/201809/07/201809/07/201801168358220/Remise CB            D4         65646CB00    0             0000000                   0                       0                       0                       0                       0             
LS 2018C20000008032110/07/2018094905RGL531102200        09/07/201809/07/201809/07/201801168358220/Remise CB   CARTE    C4         65646CB00    0             0000000                   0                       0                       0                       0                       0             
