LS 2018C10000008031810/07/2018094858AGR4111000000905000109/07/201809/07/201809/07/201801596038Rgl/Fact  3581929        C4          4799  00    0             0581929                   0                       0                       0                       0                       0             
LS 2018C10000008031810/07/2018094858RGL5311031000905000109/07/201809/07/201809/07/201801596038Rgl/Facture 3581929 CARTED4          4799CB00    0             0581929                   0                       0                       0                       0                       0             
LS 2018C10000008031810/07/2018094858AGR4111000000905000109/07/201809/07/201809/07/201801596039Rgl/Fact  3581930        C4          8220  00    0             0581930                   0                       0                       0                       0                       0             
LS 2018C10000008031810/07/2018094858RGL5311031000905000109/07/201809/07/201809/07/201801596039Rgl/Facture 3581930 CARTED4          8220CB00    0             0581930                   0                       0                       0                       0                       0             
LS 2018C10000008031810/07/2018094858AGR4111000000905000109/07/201809/07/201809/07/201801596040Rgl/Fact  3581931        C4          2099  00    0             0581931                   0                       0                       0                       0                       0             
LS 2018C10000008031810/07/2018094858RGL5311031000905000109/07/201809/07/201809/07/201801596040Rgl/Facture 3581931 CARTED4          2099CB00    0             0581931                   0                       0                       0                       0                       0             
LS 2018C10000008031810/07/2018094858AGR4111000000905000109/07/201809/07/201809/07/201801596041Rgl/Fact  3581932        C4          1596  00    0             0581932                   0                       0                       0                       0                       0             
LS 2018C10000008031810/07/2018094858RGL5311031000905000109/07/201809/07/201809/07/201801596041Rgl/Facture 3581932 CARTED4          1596CB00    0             0581932                   0                       0                       0                       0                       0             
LS 2018C10000008031810/07/2018094858AGR4111000000905000109/07/201809/07/201809/07/201801596042Rgl/Fact  3581933        C4          3499  00    0             0581933                   0                       0                       0                       0                       0             
LS 2018C10000008031810/07/2018094858RGL5311031000905000109/07/201809/07/201809/07/201801596042Rgl/Facture 3581933 CARTED4          3499CB00    0             0581933                   0                       0                       0                       0                       0             
LS 2018C10000008031810/07/2018094858AGR4111000000905000109/07/201809/07/201809/07/201801596043Rgl/Fact  3581934        C4           979  00    0             0581934                   0                       0                       0                       0                       0             
LS 2018C10000008031810/07/2018094858RGL5311031000905000109/07/201809/07/201809/07/201801596043Rgl/Facture 3581934 ESPECD4           979ES00    0             0581934                   0                       0                       0                       0                       0             
LS 2018C10000008031810/07/2018094858AGR4111000000905000109/07/201809/07/201809/07/201801596044Rgl/Fact  3581935        C4           349  00    0             0581935                   0                       0                       0                       0                       0             
LS 2018C10000008031810/07/2018094858RGL5311031000905000109/07/201809/07/201809/07/201801596044Rgl/Facture 3581935 ESPECD4           349ES00    0             0581935                   0                       0                       0                       0                       0             
LS 2018C10000008031810/07/2018094858AGR4111000000905000109/07/201809/07/201809/07/201801596045Rgl/Avoir  3581936       D4          2199  00    0             0581936                   0                       0                       0                       0                       0             
LS 2018C10000008031810/07/2018094858RGL4197000000905000109/07/201809/07/201809/07/201801596045Rgl/Facture 3581936 AVOIRC4          2199BA00    0             0581936                   0                       0                       0                       0                       0             
LS 2018C10000008031810/07/2018094858AGR4111000000905000109/07/201809/07/201809/07/201801596046Rgl/Fact  3581937        C4          2199  00    0             0581937                   0                       0                       0                       0                       0             
LS 2018C10000008031810/07/2018094858RGL4197000000905000109/07/201809/07/201809/07/201801596046Rgl/Facture 3581936 AVOIRD4          2199AV00    0             0581937                   0                       0                       0                       0                       0             
LS 2018C10000008031810/07/2018094858AGR4111000000905000109/07/201809/07/201809/07/201801596047Rgl/Avoir  3581938       D4          4450  00    0             0581938                   0                       0                       0                       0                       0             
LS 2018C10000008031810/07/2018094858RGL4197000000905000109/07/201809/07/201809/07/201801596047Rgl/Facture 3581938 AVOIRC4          4450BA00    0             0581938                   0                       0                       0                       0                       0             
LS 2018C10000008031810/07/2018094858AGR4111000000905000109/07/201809/07/201809/07/201801596048Rgl/Fact  3581939        C4           949  00    0             0581939                   0                       0                       0                       0                       0             
LS 2018C10000008031810/07/2018094858RGL5311031000905000109/07/201809/07/201809/07/201801596048Rgl/Facture 3581939 ESPECD4           949ES00    0             0581939                   0                       0                       0                       0                       0             
LS 2018C10000008031810/07/2018094858AGR4111000000905000109/07/201809/07/201809/07/201801596049Rgl/Fact  3581940        C4          3369  00    0             0581940                   0                       0                       0                       0                       0             
LS 2018C10000008031810/07/2018094858RGL5311031000905000109/07/201809/07/201809/07/201801596049Rgl/Facture 3581940 CARTED4          3369CB00    0             0581940                   0                       0                       0                       0                       0             
LS 2018C10000008031810/07/2018094858AGR4111000000905000109/07/201809/07/201809/07/201801596050Rgl/Fact  3581941        C4          2780  00    0             0581941                   0                       0                       0                       0                       0             
LS 2018C10000008031810/07/2018094858RGL5311031000905000109/07/201809/07/201809/07/201801596050Rgl/Facture 3581941 CARTED4          2780CB00    0             0581941                   0                       0                       0                       0                       0             
LS 2018C10000008031810/07/2018094858AGR4111000000905000109/07/201809/07/201809/07/201801596051Rgl/Fact  3581942        C4          3699  00    0             0581942                   0                       0                       0                       0                       0             
LS 2018C10000008031810/07/2018094858RGL5311031000905000109/07/201809/07/201809/07/201801596051Rgl/Facture 3581942 CARTED4          3699CB00    0             0581942                   0                       0                       0                       0                       0             
LS 2018C10000008031810/07/2018094858AGR4111000000905000109/07/201809/07/201809/07/201801596052Rgl/Fact  3581943        C4          2117  00    0             0581943                   0                       0                       0                       0                       0             
LS 2018C10000008031810/07/2018094858RGL5311031000905000109/07/201809/07/201809/07/201801596052Rgl/Facture 3581943 CARTED4          2117CB00    0             0581943                   0                       0                       0                       0                       0             
LS 2018C10000008031810/07/2018094858AGR4111000000905000109/07/201809/07/201809/07/201801596053Rgl/Fact  3581944        C4           289  00    0             0581944                   0                       0                       0                       0                       0             
LS 2018C10000008031810/07/2018094858RGL5311031000905000109/07/201809/07/201809/07/201801596053Rgl/Facture 3581944 ESPECD4           289ES00    0             0581944                   0                       0                       0                       0                       0             
LS 2018C10000008031810/07/2018094858AGR4111000000905000109/07/201809/07/201809/07/201801596054Rgl/Fact  3581945        C4           818  00    0             0581945                   0                       0                       0                       0                       0             
LS 2018C10000008031810/07/2018094858RGL5311031000905000109/07/201809/07/201809/07/201801596054Rgl/Facture 3581945 ESPECD4           818ES00    0             0581945                   0                       0                       0                       0                       0             
LS 2018C10000008031810/07/2018094858AGR4111000000905000109/07/201809/07/201809/07/201801596055Rgl/Fact  3581946        C4          2890  00    0             0581946                   0                       0                       0                       0                       0             
LS 2018C10000008031810/07/2018094858RGL5311031000905000109/07/201809/07/201809/07/201801596055Rgl/Facture 3581946 CARTED4          2890CB00    0             0581946                   0                       0                       0                       0                       0             
LS 2018C10000008031810/07/2018094858AGR4111000000905000109/07/201809/07/201809/07/201801596056Rgl/Fact  3581947        C4          1099  00    0             0581947                   0                       0                       0                       0                       0             
LS 2018C10000008031810/07/2018094858RGL5311031000905000109/07/201809/07/201809/07/201801596056Rgl/Facture 3581947 ESPECD4          1099ES00    0             0581947                   0                       0                       0                       0                       0             
LS 2018C10000008031810/07/2018094858AGR4111000000905000109/07/201809/07/201809/07/201801596057Rgl/Fact  3581948        C4          6536  00    0             0581948                   0                       0                       0                       0                       0             
LS 2018C10000008031810/07/2018094858RGL5311031000905000109/07/201809/07/201809/07/201801596057Rgl/Facture 3581948 CARTED4          6536CB00    0             0581948                   0                       0                       0                       0                       0             
LS 2018C10000008031810/07/2018094858AGR4111000000905000109/07/201809/07/201809/07/201801596058Rgl/Fact  3581949        C4          3890  00    0             0581949                   0                       0                       0                       0                       0             
LS 2018C10000008031810/07/2018094858RGL5311031000905000109/07/201809/07/201809/07/201801596058Rgl/Facture 3581949 ESPECD4          3890ES00    0             0581949                   0                       0                       0                       0                       0             
LS 2018C10000008031810/07/2018094858AGR4111000000905000109/07/201809/07/201809/07/201801596059Rgl/Fact  3581950        C4          3596  00    0             0581950                   0                       0                       0                       0                       0             
LS 2018C10000008031810/07/2018094858RGL5311031000905000109/07/201809/07/201809/07/201801596059Rgl/Facture 3581950 CARTED4          3596CB00    0             0581950                   0                       0                       0                       0                       0             
LS 2018C10000008031810/07/2018094858AGR4111000000905000109/07/201809/07/201809/07/201801596060Rgl/Fact  3581951        C4           995  00    0             0581951                   0                       0                       0                       0                       0             
LS 2018C10000008031810/07/2018094858RGL5311031000905000109/07/201809/07/201809/07/201801596060Rgl/Facture 3581951 ESPECD4           995ES00    0             0581951                   0                       0                       0                       0                       0             
LS 2018C10000008031810/07/2018094858AGR4111000000905000109/07/201809/07/201809/07/201801596061Rgl/Fact  3581952        C4          3915  00    0             0581952                   0                       0                       0                       0                       0             
LS 2018C10000008031810/07/2018094858RGL5311031000905000109/07/201809/07/201809/07/201801596061Rgl/Facture 3581952 CARTED4          3915CB00    0             0581952                   0                       0                       0                       0                       0             
LS 2018C10000008031810/07/2018094858AGR4111000000905000109/07/201809/07/201809/07/201801596062Rgl/Fact  3581953        C4          2885  00    0             0581953                   0                       0                       0                       0                       0             
LS 2018C10000008031810/07/2018094858RGL5311031000905000109/07/201809/07/201809/07/201801596062Rgl/Facture 3581953 CARTED4          2885CB00    0             0581953                   0                       0                       0                       0                       0             
LS 2018C10000008031810/07/2018094858AGR4111000000905000109/07/201809/07/201809/07/201801596063Rgl/Fact  3581954        C4           740  00    0             0581954                   0                       0                       0                       0                       0             
LS 2018C10000008031810/07/2018094858RGL5311031000905000109/07/201809/07/201809/07/201801596063Rgl/Facture 3581954 ESPECD4           740ES00    0             0581954                   0                       0                       0                       0                       0             
LS 2018C10000008031810/07/2018094858AGR4111000000905000109/07/201809/07/201809/07/201801596064Rgl/Fact  3581955        C4          3590  00    0             0581955                   0                       0                       0                       0                       0             
LS 2018C10000008031810/07/2018094858RGL5311031000905000109/07/201809/07/201809/07/201801596064Rgl/Facture 3581955 CARTED4          3590CB00    0             0581955                   0                       0                       0                       0                       0             
LS 2018C10000008031810/07/2018094858AGR4111000000905000109/07/201809/07/201809/07/201801596065Rgl/Fact  3581956        C4          5158  00    0             0581956                   0                       0                       0                       0                       0             
LS 2018C10000008031810/07/2018094858RGL5311031000905000109/07/201809/07/201809/07/201801596065Rgl/Facture 3581956 CARTED4          5158CB00    0             0581956                   0                       0                       0                       0                       0             
LS 2018C10000008031810/07/2018094858AGR4111000000905000109/07/201809/07/201809/07/201801596066Rgl/Fact  3581957        C4          3673  00    0             0581957                   0                       0                       0                       0                       0             
LS 2018C10000008031810/07/2018094858RGL5311031000905000109/07/201809/07/201809/07/201801596066Rgl/Facture 3581957 ESPECD4          3673ES00    0             0581957                   0                       0                       0                       0                       0             
LS 2018C10000008031810/07/2018094858AGR4111000000905000109/07/201809/07/201809/07/201801596067Rgl/Fact  3581958        C4          4644  00    0             0581958                   0                       0                       0                       0                       0             
LS 2018C10000008031810/07/2018094858RGL5311031000905000109/07/201809/07/201809/07/201801596067Rgl/Facture 3581958 CARTED4          4644CB00    0             0581958                   0                       0                       0                       0                       0             
LS 2018C10000008031810/07/2018094858AGR4111000000905000109/07/201809/07/201809/07/201801596068Rgl/Fact  3581959        C4           629  00    0             0581959                   0                       0                       0                       0                       0             
LS 2018C10000008031810/07/2018094858RGL5311031000905000109/07/201809/07/201809/07/201801596068Rgl/Facture 3581959 ESPECD4           629ES00    0             0581959                   0                       0                       0                       0                       0             
LS 2018C10000008031810/07/2018094858AGR4111000000905000109/07/201809/07/201809/07/201801596069Rgl/Fact  3581960        C4           499  00    0             0581960                   0                       0                       0                       0                       0             
LS 2018C10000008031810/07/2018094858RGL5311031000905000109/07/201809/07/201809/07/201801596069Rgl/Facture 3581960 CARTED4           499CB00    0             0581960                   0                       0                       0                       0                       0             
LS 2018C10000008031810/07/2018094858AGR4111000000905000109/07/201809/07/201809/07/201801596070Rgl/Fact  3581961        C4          2059  00    0             0581961                   0                       0                       0                       0                       0             
LS 2018C10000008031810/07/2018094858RGL5311031000905000109/07/201809/07/201809/07/201801596070Rgl/Facture 3581961 CARTED4          2059CB00    0             0581961                   0                       0                       0                       0                       0             
LS 2018C10000008031810/07/2018094858AGR4111000000905000109/07/201809/07/201809/07/201801596071Rgl/Fact  3581962        C4          1139  00    0             0581962                   0                       0                       0                       0                       0             
LS 2018C10000008031810/07/2018094858RGL5311031000905000109/07/201809/07/201809/07/201801596071Rgl/Facture 3581962 CARTED4          1139CB00    0             0581962                   0                       0                       0                       0                       0             
LS 2018C10000008031810/07/2018094858AGR4111000000905000109/07/201809/07/201809/07/201801596072Rgl/Fact  3581963        C4          6453  00    0             0581963                   0                       0                       0                       0                       0             
LS 2018C10000008031810/07/2018094858RGL5311031000905000109/07/201809/07/201809/07/201801596072Rgl/Facture 3581963 CARTED4          6453CB00    0             0581963                   0                       0                       0                       0                       0             
LS 2018C10000008031810/07/2018094858AGR4111000000905000109/07/201809/07/201809/07/201801596073Rgl/Fact  3581964        C4           999  00    0             0581964                   0                       0                       0                       0                       0             
LS 2018C10000008031810/07/2018094858RGL5311031000905000109/07/201809/07/201809/07/201801596073Rgl/Facture 3581964 ESPECD4           999ES00    0             0581964                   0                       0                       0                       0                       0             
LS 2018C10000008031810/07/2018094858AGR4111000000905000109/07/201809/07/201809/07/201801596074Rgl/Fact  3581965        C4          2245  00    0             0581965                   0                       0                       0                       0                       0             
LS 2018C10000008031810/07/2018094858RGL5311031000905000109/07/201809/07/201809/07/201801596074Rgl/Facture 3581965 CARTED4          2245CB00    0             0581965                   0                       0                       0                       0                       0             
LS 2018C10000008031810/07/2018094858AGR4111000000905000109/07/201809/07/201809/07/201801596075Rgl/Fact  3581966        C4          1929  00    0             0581966                   0                       0                       0                       0                       0             
LS 2018C10000008031810/07/2018094858RGL5311031000905000109/07/201809/07/201809/07/201801596075Rgl/Facture 3581966 CARTED4          1929CB00    0             0581966                   0                       0                       0                       0                       0             
LS 2018C10000008031810/07/2018094858AGR4111000000905000109/07/201809/07/201809/07/201801596076Rgl/Fact  3581967        C4         13149  00    0             0581967                   0                       0                       0                       0                       0             
LS 2018C10000008031810/07/2018094858RGL5311031000905000109/07/201809/07/201809/07/201801596076Rgl/Facture 3581967 CARTED4         13149CB00    0             0581967                   0                       0                       0                       0                       0             
LS 2018C10000008031810/07/2018094858AGR4111000000905000109/07/201809/07/201809/07/201801596077Rgl/Fact  3581968        C4           235  00    0             0581968                   0                       0                       0                       0                       0             
LS 2018C10000008031810/07/2018094858RGL5311031000905000109/07/201809/07/201809/07/201801596077Rgl/Facture 3581968 ESPECD4           235ES00    0             0581968                   0                       0                       0                       0                       0             
LS 2018C10000008031810/07/2018094858AGR4111000000905000109/07/201809/07/201809/07/201801596078Rgl/Fact  3581969        C4           825  00    0             0581969                   0                       0                       0                       0                       0             
LS 2018C10000008031810/07/2018094858RGL5311031000905000109/07/201809/07/201809/07/201801596078Rgl/Facture 3581969 CARTED4           825CB00    0             0581969                   0                       0                       0                       0                       0             
LS 2018C10000008031810/07/2018094858AGR4111000000905000109/07/201809/07/201809/07/201801596079Rgl/Fact  3581970        C4          5388  00    0             0581970                   0                       0                       0                       0                       0             
LS 2018C10000008031810/07/2018094858RGL5311031000905000109/07/201809/07/201809/07/201801596079Rgl/Facture 3581970 CARTED4          5388CB00    0             0581970                   0                       0                       0                       0                       0             
LS 2018C10000008031810/07/2018094858AGR4111000000905000109/07/201809/07/201809/07/201801596080Rgl/Fact  3581971        C4          1828  00    0             0581971                   0                       0                       0                       0                       0             
LS 2018C10000008031810/07/2018094858RGL5311031000905000109/07/201809/07/201809/07/201801596080Rgl/Facture 3581971 CARTED4          1828CB00    0             0581971                   0                       0                       0                       0                       0             
LS 2018C10000008031810/07/2018094858AGR4111000000905000109/07/201809/07/201809/07/201801596081Rgl/Fact  3581972        C4          2067  00    0             0581972                   0                       0                       0                       0                       0             
LS 2018C10000008031810/07/2018094858RGL5311031000905000109/07/201809/07/201809/07/201801596081Rgl/Facture 3581972 CARTED4          2067CB00    0             0581972                   0                       0                       0                       0                       0             
LS 2018C10000008031810/07/2018094858AGR4111000000905000109/07/201809/07/201809/07/201801596082Rgl/Fact  3581973        C4           578  00    0             0581973                   0                       0                       0                       0                       0             
LS 2018C10000008031810/07/2018094858RGL5311031000905000109/07/201809/07/201809/07/201801596082Rgl/Facture 3581973 ESPECD4           578ES00    0             0581973                   0                       0                       0                       0                       0             
LS 2018C10000008031810/07/2018094858AGR4111000000905000109/07/201809/07/201809/07/201801596083Rgl/Fact  3581974        C4           999  00    0             0581974                   0                       0                       0                       0                       0             
LS 2018C10000008031810/07/2018094858RGL5311031000905000109/07/201809/07/201809/07/201801596083Rgl/Facture 3581974 ESPECD4           999ES00    0             0581974                   0                       0                       0                       0                       0             
LS 2018C10000008031810/07/2018094858AGR4111000000905000109/07/201809/07/201809/07/201801596084Rgl/Fact  3581975        C4          3825  00    0             0581975                   0                       0                       0                       0                       0             
LS 2018C10000008031810/07/2018094858RGL5311031000905000109/07/201809/07/201809/07/201801596084Rgl/Facture 3581975 CARTED4          3825CB00    0             0581975                   0                       0                       0                       0                       0             
LS 2018C10000008031810/07/2018094858AGR4111000000905000109/07/201809/07/201809/07/201801596085Rgl/Fact  3581976        C4          9890  00    0             0581976                   0                       0                       0                       0                       0             
LS 2018C10000008031810/07/2018094858RGL5311031000905000109/07/201809/07/201809/07/201801596085Rgl/Facture 3581976 CARTED4          9890CB00    0             0581976                   0                       0                       0                       0                       0             
LS 2018C10000008031810/07/2018094858AGR4111000000905000109/07/201809/07/201809/07/201801596086Rgl/Fact  3581977        C4          2377  00    0             0581977                   0                       0                       0                       0                       0             
LS 2018C10000008031810/07/2018094858RGL5311031000905000109/07/201809/07/201809/07/201801596086Rgl/Facture 3581977 CARTED4          2377CB00    0             0581977                   0                       0                       0                       0                       0             
LS 2018C10000008031810/07/2018094858AGR4111000000905000109/07/201809/07/201809/07/201801596087Rgl/Fact  3581978        C4           429  00    0             0581978                   0                       0                       0                       0                       0             
LS 2018C10000008031810/07/2018094858RGL5311031000905000109/07/201809/07/201809/07/201801596087Rgl/Facture 3581978 ESPECD4           429ES00    0             0581978                   0                       0                       0                       0                       0             
LS 2018C10000008031810/07/2018094858AGR4111000000905000109/07/201809/07/201809/07/201801596088Rgl/Fact  3581979        C4           976  00    0             0581979                   0                       0                       0                       0                       0             
LS 2018C10000008031810/07/2018094858RGL5311031000905000109/07/201809/07/201809/07/201801596088Rgl/Facture 3581979 ESPECD4           976ES00    0             0581979                   0                       0                       0                       0                       0             
LS 2018C10000008031810/07/2018094858AGR4111000000905000109/07/201809/07/201809/07/201801596089Rgl/Fact  3581980        C4          1099  00    0             0581980                   0                       0                       0                       0                       0             
LS 2018C10000008031810/07/2018094858RGL5311031000905000109/07/201809/07/201809/07/201801596089Rgl/Facture 3581980 CARTED4          1099CB00    0             0581980                   0                       0                       0                       0                       0             
LS 2018C10000008031810/07/2018094858AGR4111000000905000109/07/201809/07/201809/07/201801596090Rgl/Fact  3581981        C4          4201  00    0             0581981                   0                       0                       0                       0                       0             
LS 2018C10000008031810/07/2018094858RGL5311031000905000109/07/201809/07/201809/07/201801596090Rgl/Facture 3581981 CARTED4          4201CB00    0             0581981                   0                       0                       0                       0                       0             
LS 2018C10000008031810/07/2018094858AGR4111000000905000109/07/201809/07/201809/07/201801596091Rgl/Fact  3581982        C4          1789  00    0             0581982                   0                       0                       0                       0                       0             
LS 2018C10000008031810/07/2018094858RGL5311031000905000109/07/201809/07/201809/07/201801596091Rgl/Facture 3581982 CARTED4          1789CB00    0             0581982                   0                       0                       0                       0                       0             
LS 2018C10000008031810/07/2018094858AGR4111000000905000109/07/201809/07/201809/07/201801596092Rgl/Fact  3581983        C4           498  00    0             0581983                   0                       0                       0                       0                       0             
LS 2018C10000008031810/07/2018094858RGL5311031000905000109/07/201809/07/201809/07/201801596092Rgl/Facture 3581983 ESPECD4           498ES00    0             0581983                   0                       0                       0                       0                       0             
LS 2018C10000008031810/07/2018094858AGR4111000000905000109/07/201809/07/201809/07/201801596093Rgl/Fact  3581984        C4          1019  00    0             0581984                   0                       0                       0                       0                       0             
LS 2018C10000008031810/07/2018094858RGL5311031000905000109/07/201809/07/201809/07/201801596093Rgl/Facture 3581984 CHEQUD4          1019CH00    0             0581984                   0                       0                       0                       0                       0             
LS 2018C10000008031810/07/2018094858AGR4111000000905000109/07/201809/07/201809/07/201801596094Rgl/Fact  3581985        C4           889  00    0             0581985                   0                       0                       0                       0                       0             
LS 2018C10000008031810/07/2018094858RGL5311031000905000109/07/201809/07/201809/07/201801596094Rgl/Facture 3581985 CARTED4           889CB00    0             0581985                   0                       0                       0                       0                       0             
LS 2018C10000008031810/07/2018094858AGR4111000000905000109/07/201809/07/201809/07/201801596095Rgl/Fact  3581986        C4          1798  00    0             0581986                   0                       0                       0                       0                       0             
LS 2018C10000008031810/07/2018094858RGL5311031000905000109/07/201809/07/201809/07/201801596095Rgl/Facture 3581986 CARTED4          1798CB00    0             0581986                   0                       0                       0                       0                       0             
LS 2018C10000008031810/07/2018094859AGR4111000000905000109/07/201809/07/201809/07/201801596096Rgl/Fact  3581987        C4          1350  00    0             0581987                   0                       0                       0                       0                       0             
LS 2018C10000008031810/07/2018094859RGL5311031000905000109/07/201809/07/201809/07/201801596096Rgl/Facture 3581987 CARTED4          1350CB00    0             0581987                   0                       0                       0                       0                       0             
LS 2018C10000008031810/07/2018094859AGR4111000000905000109/07/201809/07/201809/07/201801596097Rgl/Fact  3581988        C4          3745  00    0             0581988                   0                       0                       0                       0                       0             
LS 2018C10000008031810/07/2018094859RGL5311031000905000109/07/201809/07/201809/07/201801596097Rgl/Facture 3581988 ESPECD4          3745ES00    0             0581988                   0                       0                       0                       0                       0             
LS 2018C10000008031810/07/2018094859AGR4111000000905000109/07/201809/07/201809/07/201801596098Rgl/Fact  3581989        C4          5750  00    0             0581989                   0                       0                       0                       0                       0             
LS 2018C10000008031810/07/2018094859RGL5311031000905000109/07/201809/07/201809/07/201801596098Rgl/Facture 3581989 ESPECD4          5750ES00    0             0581989                   0                       0                       0                       0                       0             
LS 2018C10000008031810/07/2018094859AGR4111000000905000109/07/201809/07/201809/07/201801596099Rgl/Fact  3581990        C4          4556  00    0             0581990                   0                       0                       0                       0                       0             
LS 2018C10000008031810/07/2018094859RGL5311031000905000109/07/201809/07/201809/07/201801596099Rgl/Facture 3581990 CARTED4          4556CB00    0             0581990                   0                       0                       0                       0                       0             
LS 2018C10000008031810/07/2018094859AGR4111000000905000109/07/201809/07/201809/07/201801596100Rgl/Fact  3581991        C4           449  00    0             0581991                   0                       0                       0                       0                       0             
LS 2018C10000008031810/07/2018094859RGL5311031000905000109/07/201809/07/201809/07/201801596100Rgl/Facture 3581991 ESPECD4           449ES00    0             0581991                   0                       0                       0                       0                       0             
LS 2018C10000008031810/07/2018094859AGR4111000000905000109/07/201809/07/201809/07/201801596101Rgl/Fact  3581992        C4          4499  00    0             0581992                   0                       0                       0                       0                       0             
LS 2018C10000008031810/07/2018094859RGL5311031000905000109/07/201809/07/201809/07/201801596101Rgl/Facture 3581992 CARTED4          4499CB00    0             0581992                   0                       0                       0                       0                       0             
LS 2018C10000008031810/07/2018094859AGR4111000000905000109/07/201809/07/201809/07/201801596102Rgl/Fact  3581993        C4          6960  00    0             0581993                   0                       0                       0                       0                       0             
LS 2018C10000008031810/07/2018094859RGL5311031000905000109/07/201809/07/201809/07/201801596102Rgl/Facture 3581993 ESPECD4          6960ES00    0             0581993                   0                       0                       0                       0                       0             
LS 2018C10000008031810/07/2018094859AGR4111000000905000109/07/201809/07/201809/07/201801596103Rgl/Fact  3581994        C4           299  00    0             0581994                   0                       0                       0                       0                       0             
LS 2018C10000008031810/07/2018094859RGL5311031000905000109/07/201809/07/201809/07/201801596103Rgl/Facture 3581994 ESPECD4           299ES00    0             0581994                   0                       0                       0                       0                       0             
LS 2018C10000008031810/07/2018094859AGR4111000000905000109/07/201809/07/201809/07/201801596104Rgl/Fact  3581995        C4          3388  00    0             0581995                   0                       0                       0                       0                       0             
LS 2018C10000008031810/07/2018094859RGL5311031000905000109/07/201809/07/201809/07/201801596104Rgl/Facture 3581995 CARTED4          3388CB00    0             0581995                   0                       0                       0                       0                       0             
LS 2018C10000008031810/07/2018094859AGR4111000000905000109/07/201809/07/201809/07/201801596105Rgl/Fact  3581996        C4           888  00    0             0581996                   0                       0                       0                       0                       0             
LS 2018C10000008031810/07/2018094859RGL5311031000905000109/07/201809/07/201809/07/201801596105Rgl/Facture 3581996 ESPECD4           888ES00    0             0581996                   0                       0                       0                       0                       0             
LS 2018C10000008031810/07/2018094859AGR4111000000905000109/07/201809/07/201809/07/201801596106Rgl/Fact  3581997        C4          3845  00    0             0581997                   0                       0                       0                       0                       0             
LS 2018C10000008031810/07/2018094859RGL5311031000905000109/07/201809/07/201809/07/201801596106Rgl/Facture 3581997 CARTED4          3845CB00    0             0581997                   0                       0                       0                       0                       0             
LS 2018C10000008031810/07/2018094859AGR4111000000905000109/07/201809/07/201809/07/201801596107Rgl/Fact  3581998        C4           489  00    0             0581998                   0                       0                       0                       0                       0             
LS 2018C10000008031810/07/2018094859RGL5311031000905000109/07/201809/07/201809/07/201801596107Rgl/Facture 3581998 CARTED4           489CB00    0             0581998                   0                       0                       0                       0                       0             
LS 2018C10000008031810/07/2018094859AGR4111000000905000109/07/201809/07/201809/07/201801596108Rgl/Fact  3581999        C4           199  00    0             0581999                   0                       0                       0                       0                       0             
LS 2018C10000008031810/07/2018094859RGL5311031000905000109/07/201809/07/201809/07/201801596108Rgl/Facture 3581999 ESPECD4           199ES00    0             0581999                   0                       0                       0                       0                       0             
LS 2018C10000008031810/07/2018094859AGR4111000000905000109/07/201809/07/201809/07/201801596109Rgl/Fact  3582000        C4          1099  00    0             0582000                   0                       0                       0                       0                       0             
LS 2018C10000008031810/07/2018094859RGL5311031000905000109/07/201809/07/201809/07/201801596109Rgl/Facture 3582000 ESPECD4          1099ES00    0             0582000                   0                       0                       0                       0                       0             
LS 2018C10000008031810/07/2018094859AGR4111000000905000109/07/201809/07/201809/07/201801596110Rgl/Fact  3582001        C4          2966  00    0             0582001                   0                       0                       0                       0                       0             
LS 2018C10000008031810/07/2018094859RGL5311031000905000109/07/201809/07/201809/07/201801596110Rgl/Facture 3582001 CARTED4          2966CB00    0             0582001                   0                       0                       0                       0                       0             
LS 2018C10000008031810/07/2018094859AGR4111000000905000109/07/201809/07/201809/07/201801596111Rgl/Fact  3582002        C4          5524  00    0             0582002                   0                       0                       0                       0                       0             
LS 2018C10000008031810/07/2018094859RGL5311031000905000109/07/201809/07/201809/07/201801596111Rgl/Facture 3582002 CARTED4          5524CB00    0             0582002                   0                       0                       0                       0                       0             
LS 2018C10000008031810/07/2018094859AGR4111000000905000109/07/201809/07/201809/07/201801596112Rgl/Fact  3582003        C4          1959  00    0             0582003                   0                       0                       0                       0                       0             
LS 2018C10000008031810/07/2018094859RGL5311031000905000109/07/201809/07/201809/07/201801596112Rgl/Facture 3582003 CARTED4          1959CB00    0             0582003                   0                       0                       0                       0                       0             
LS 2018C10000008031810/07/2018094859AGR4111000000905000109/07/201809/07/201809/07/201801596113Rgl/Fact  3582004        C4          5106  00    0             0582004                   0                       0                       0                       0                       0             
LS 2018C10000008031810/07/2018094859RGL5311031000905000109/07/201809/07/201809/07/201801596113Rgl/Facture 3582004 CARTED4          5106CB00    0             0582004                   0                       0                       0                       0                       0             
LS 2018C10000008031810/07/2018094859AGR4111000000905000109/07/201809/07/201809/07/201801596114Rgl/Fact  3582005        C4           598  00    0             0582005                   0                       0                       0                       0                       0             
LS 2018C10000008031810/07/2018094859RGL5311031000905000109/07/201809/07/201809/07/201801596114Rgl/Facture 3582005 ESPECD4           598ES00    0             0582005                   0                       0                       0                       0                       0             
LS 2018C10000008031810/07/2018094859AGR4111000000905000109/07/201809/07/201809/07/201801596115Rgl/Fact  3582006        C4          4948  00    0             0582006                   0                       0                       0                       0                       0             
LS 2018C10000008031810/07/2018094859RGL5311031000905000109/07/201809/07/201809/07/201801596115Rgl/Facture 3582006 CARTED4          4948CB00    0             0582006                   0                       0                       0                       0                       0             
LS 2018C10000008031810/07/2018094859AGR4111000000905000109/07/201809/07/201809/07/201801596116Rgl/Fact  3582007        C4          1783  00    0             0582007                   0                       0                       0                       0                       0             
LS 2018C10000008031810/07/2018094859RGL5311031000905000109/07/201809/07/201809/07/201801596116Rgl/Facture 3582007 CARTED4          1783CB00    0             0582007                   0                       0                       0                       0                       0             
LS 2018C10000008031810/07/2018094859AGR4111000000905000109/07/201809/07/201809/07/201801596117Rgl/Fact  3582008        C4          1990  00    0             0582008                   0                       0                       0                       0                       0             
LS 2018C10000008031810/07/2018094859RGL5311031000905000109/07/201809/07/201809/07/201801596117Rgl/Facture 3582008 CARTED4          1990CB00    0             0582008                   0                       0                       0                       0                       0             
LS 2018C10000008031810/07/2018094859AGR4111000000905000109/07/201809/07/201809/07/201801596118Rgl/Fact  3582009        C4          3446  00    0             0582009                   0                       0                       0                       0                       0             
LS 2018C10000008031810/07/2018094859RGL5311031000905000109/07/201809/07/201809/07/201801596118Rgl/Facture 3582009 CARTED4          3446CB00    0             0582009                   0                       0                       0                       0                       0             
LS 2018C10000008031810/07/2018094859AGR4111000000905000109/07/201809/07/201809/07/201801596119Rgl/Fact  3582010        C4          3999  00    0             0582010                   0                       0                       0                       0                       0             
LS 2018C10000008031810/07/2018094859RGL5311031000905000109/07/201809/07/201809/07/201801596119Rgl/Facture 3582010 CARTED4          3999CB00    0             0582010                   0                       0                       0                       0                       0             
LS 2018C10000008031810/07/2018094859AGR4111000000905000109/07/201809/07/201809/07/201801596120Rgl/Fact  3582011        C4          1490  00    0             0582011                   0                       0                       0                       0                       0             
LS 2018C10000008031810/07/2018094859RGL5311031000905000109/07/201809/07/201809/07/201801596120Rgl/Facture 3582011 CARTED4          1490CB00    0             0582011                   0                       0                       0                       0                       0             
LS 2018C10000008031810/07/2018094859AGR4111000000905000109/07/201809/07/201809/07/201801596121Rgl/Fact  3582012        C4          7849  00    0             0582012                   0                       0                       0                       0                       0             
LS 2018C10000008031810/07/2018094859RGL5311031000905000109/07/201809/07/201809/07/201801596121Rgl/Facture 3582012 CARTED4          7849CB00    0             0582012                   0                       0                       0                       0                       0             
LS 2018C10000008031810/07/2018094859AGR4111000000905000109/07/201809/07/201809/07/201801596122Rgl/Fact  3582013        C4          2179  00    0             0582013                   0                       0                       0                       0                       0             
LS 2018C10000008031810/07/2018094859RGL5311031000905000109/07/201809/07/201809/07/201801596122Rgl/Facture 3582013 CARTED4          2179CB00    0             0582013                   0                       0                       0                       0                       0             
LS 2018C10000008031810/07/2018094859AGR4111000000905000109/07/201809/07/201809/07/201801596123Rgl/Fact  3582014        C4          1266  00    0             0582014                   0                       0                       0                       0                       0             
LS 2018C10000008031810/07/2018094859RGL5311031000905000109/07/201809/07/201809/07/201801596123Rgl/Facture 3582014 CARTED4          1266CB00    0             0582014                   0                       0                       0                       0                       0             
LS 2018C10000008031810/07/2018094859AGR4111000000905000109/07/201809/07/201809/07/201801596124Rgl/Fact  3582015        C4          4950  00    0             0582015                   0                       0                       0                       0                       0             
LS 2018C10000008031810/07/2018094859RGL5311031000905000109/07/201809/07/201809/07/201801596124Rgl/Facture 3582015 CARTED4          4950CB00    0             0582015                   0                       0                       0                       0                       0             
LS 2018C10000008031810/07/2018094859AGR4111000000905000109/07/201809/07/201809/07/201801596125Rgl/Fact  3582016        C4          2249  00    0             0582016                   0                       0                       0                       0                       0             
LS 2018C10000008031810/07/2018094859RGL5311031000905000109/07/201809/07/201809/07/201801596125Rgl/Facture 3582016 CARTED4          2249CB00    0             0582016                   0                       0                       0                       0                       0             
LS 2018C10000008031810/07/2018094859AGR4111000000905000109/07/201809/07/201809/07/201801596126Rgl/Fact  3582017        C4          1649  00    0             0582017                   0                       0                       0                       0                       0             
LS 2018C10000008031810/07/2018094859RGL5311031000905000109/07/201809/07/201809/07/201801596126Rgl/Facture 3582017 CARTED4          1649CB00    0             0582017                   0                       0                       0                       0                       0             
LS 2018C10000008031810/07/2018094859AGR4111000000905000109/07/201809/07/201809/07/201801596127Rgl/Fact  3582018        C4          1129  00    0             0582018                   0                       0                       0                       0                       0             
LS 2018C10000008031810/07/2018094859RGL5311031000905000109/07/201809/07/201809/07/201801596127Rgl/Facture 3582018 ESPECD4          1129ES00    0             0582018                   0                       0                       0                       0                       0             
LS 2018C10000008031810/07/2018094859AGR4111000000905000109/07/201809/07/201809/07/201801596128Rgl/Fact  3582019        C4          2499  00    0             0582019                   0                       0                       0                       0                       0             
LS 2018C10000008031810/07/2018094859RGL5311031000905000109/07/201809/07/201809/07/201801596128Rgl/Facture 3582019 CARTED4          2499CB00    0             0582019                   0                       0                       0                       0                       0             
LS 2018C10000008031810/07/2018094859AGR4111000000905000109/07/201809/07/201809/07/201801596129Rgl/Fact  3582020        C4          3059  00    0             0582020                   0                       0                       0                       0                       0             
LS 2018C10000008031810/07/2018094859RGL5311031000905000109/07/201809/07/201809/07/201801596129Rgl/Facture 3582020 CARTED4          3059CB00    0             0582020                   0                       0                       0                       0                       0             
LS 2018C10000008031810/07/2018094859AGR4111000000905000109/07/201809/07/201809/07/201801596130Rgl/Fact  3582021        C4           795  00    0             0582021                   0                       0                       0                       0                       0             
LS 2018C10000008031810/07/2018094859RGL5311031000905000109/07/201809/07/201809/07/201801596130Rgl/Facture 3582021 ESPECD4           795ES00    0             0582021                   0                       0                       0                       0                       0             
LS 2018C10000008031810/07/2018094859AGR4111000000905000109/07/201809/07/201809/07/201801596131Rgl/Fact  3582022        C4           819  00    0             0582022                   0                       0                       0                       0                       0             
LS 2018C10000008031810/07/2018094859RGL5311031000905000109/07/201809/07/201809/07/201801596131Rgl/Facture 3582022 CHEQUD4           819CH00    0             0582022                   0                       0                       0                       0                       0             
LS 2018C10000008031810/07/2018094859AGR4111000000905000109/07/201809/07/201809/07/201801596132Rgl/Fact  3582023        C4          1925  00    0             0582023                   0                       0                       0                       0                       0             
LS 2018C10000008031810/07/2018094859RGL5311031000905000109/07/201809/07/201809/07/201801596132Rgl/Facture 3582023 CARTED4          1925CB00    0             0582023                   0                       0                       0                       0                       0             
LS 2018C10000008031810/07/2018094859AGR4111000000905000109/07/201809/07/201809/07/201801596133Rgl/Fact  3582024        C4          1699  00    0             0582024                   0                       0                       0                       0                       0             
LS 2018C10000008031810/07/2018094859RGL5311031000905000109/07/201809/07/201809/07/201801596133Rgl/Facture 3582024 CARTED4          1699CB00    0             0582024                   0                       0                       0                       0                       0             
LS 2018C10000008031810/07/2018094859AGR4111000000905000109/07/201809/07/201809/07/201801596134Rgl/Fact  3582025        C4           395  00    0             0582025                   0                       0                       0                       0                       0             
LS 2018C10000008031810/07/2018094859RGL5311031000905000109/07/201809/07/201809/07/201801596134Rgl/Facture 3582025 ESPECD4           395ES00    0             0582025                   0                       0                       0                       0                       0             
LS 2018C10000008031810/07/2018094859AGR4111000000905000109/07/201809/07/201809/07/201801596135Rgl/Fact  3582026        C4          7266  00    0             0582026                   0                       0                       0                       0                       0             
LS 2018C10000008031810/07/2018094859RGL5311031000905000109/07/201809/07/201809/07/201801596135Rgl/Facture 3582026 ESPECD4          7266ES00    0             0582026                   0                       0                       0                       0                       0             
LS 2018C10000008031810/07/2018094859AGR4111000000905000109/07/201809/07/201809/07/201801596136Rgl/Fact  3582027        C4           699  00    0             0582027                   0                       0                       0                       0                       0             
LS 2018C10000008031810/07/2018094859RGL5311031000905000109/07/201809/07/201809/07/201801596136Rgl/Facture 3582027 CARTED4           699CB00    0             0582027                   0                       0                       0                       0                       0             
LS 2018C10000008031810/07/2018094859AGR4111000000905000109/07/201809/07/201809/07/201801596137Rgl/Fact  3582028        C4          4490  00    0             0582028                   0                       0                       0                       0                       0             
LS 2018C10000008031810/07/2018094859RGL5311031000905000109/07/201809/07/201809/07/201801596137Rgl/Facture 3582028 CARTED4          4490CB00    0             0582028                   0                       0                       0                       0                       0             
LS 2018C10000008031810/07/2018094859AGR4111000000905000109/07/201809/07/201809/07/201801596138Rgl/Fact  3582029        C4          2146  00    0             0582029                   0                       0                       0                       0                       0             
LS 2018C10000008031810/07/2018094859RGL5311031000905000109/07/201809/07/201809/07/201801596138Rgl/Facture 3582029 CARTED4          2146CB00    0             0582029                   0                       0                       0                       0                       0             
LS 2018C10000008031810/07/2018094859AGR4111000000905000109/07/201809/07/201809/07/201801596139Rgl/Fact  3582030        C4          7943  00    0             0582030                   0                       0                       0                       0                       0             
LS 2018C10000008031810/07/2018094859RGL5311031000905000109/07/201809/07/201809/07/201801596139Rgl/Facture 3582030 CARTED4          7943CB00    0             0582030                   0                       0                       0                       0                       0             
LS 2018C10000008031810/07/2018094859AGR4111000000905000109/07/201809/07/201809/07/201801596140Rgl/Fact  3582031        C4         16998  00    0             0582031                   0                       0                       0                       0                       0             
LS 2018C10000008031810/07/2018094859RGL5311031000905000109/07/201809/07/201809/07/201801596140Rgl/Facture 3582031 CARTED4         16998CB00    0             0582031                   0                       0                       0                       0                       0             
LS 2018C10000008031810/07/2018094859AGR4111000000905000109/07/201809/07/201809/07/201801596141Rgl/Fact  3582032        C4          3608  00    0             0582032                   0                       0                       0                       0                       0             
LS 2018C10000008031810/07/2018094859RGL5311031000905000109/07/201809/07/201809/07/201801596141Rgl/Facture 3582032 CARTED4          3608CB00    0             0582032                   0                       0                       0                       0                       0             
LS 2018C10000008031810/07/2018094859AGR4111000000905000109/07/201809/07/201809/07/201801596142Rgl/Fact  3582033        C4          1499  00    0             0582033                   0                       0                       0                       0                       0             
LS 2018C10000008031810/07/2018094859RGL5311031000905000109/07/201809/07/201809/07/201801596142Rgl/Facture 3582033 ESPECD4          1499ES00    0             0582033                   0                       0                       0                       0                       0             
LS 2018C10000008031810/07/2018094859RGL5820000009050001 09/07/201809/07/201809/07/201801596146235/Remise CH  09072018  D4          1838CH00    0             0072018                   0                       0                       0                       0                       0             
LS 2018C10000008031810/07/2018094859RGL531103100        09/07/201809/07/201809/07/201801596146235/Remise CH  09072018 CC4          1838CH00    0             0072018                   0                       0                       0                       0                       0             
LS 2018C10000008031810/07/2018094859RGL5830000009050001 09/07/201809/07/201809/07/201801596147235/Remise CB            D4        245387CB00    0             0000000                   0                       0                       0                       0                       0             
LS 2018C10000008031810/07/2018094859RGL531103100        09/07/201809/07/201809/07/201801596147235/Remise CB   CARTE    C4        245387CB00    0             0000000                   0                       0                       0                       0                       0             
LS 2018C10000008031810/07/2018094859RGL75810000001      09/07/201809/07/201809/07/201801596148235/Ecart de cloture     C4            40ES00    0             0000000235764             0                       0                       0                       0                       0          059
LS 2018C10000008031810/07/2018094859RGL53110310001      09/07/201809/07/201809/07/201801596148235/Ecart de cloture   ESD4            40ES00    0             0000000235764             0                       0                       0                       0                       0          059
