LS 2018C68000008033610/07/2018094932AGR4111000000108377209/07/201809/07/201809/07/201801780099Rgl/Fact  2770480        C4           960  00    0             0770480                   0                       0                       0                       0                       0             
LS 2018C68000008033610/07/2018094932RGL5311016800108377209/07/201809/07/201809/07/201801780099Rgl/Facture 2770480 CHEQUD4           960CH00    0             0770480                   0                       0                       0                       0                       0             
LS 2018C68000008033610/07/2018094932AGR4111000000108377209/07/201809/07/201809/07/201801780100Rgl/Fact  2770481        C4          1199  00    0             0770481                   0                       0                       0                       0                       0             
LS 2018C68000008033610/07/2018094932RGL5311016800108377209/07/201809/07/201809/07/201801780100Rgl/Facture 2770481 ESPECD4          1199ES00    0             0770481                   0                       0                       0                       0                       0             
LS 2018C68000008033610/07/2018094932AGR4111000000108377209/07/201809/07/201809/07/201801780101Rgl/Fact  2770482        C4           896  00    0             0770482                   0                       0                       0                       0                       0             
LS 2018C68000008033610/07/2018094932RGL5311016800108377209/07/201809/07/201809/07/201801780101Rgl/Facture 2770482 CARTED4           896CB00    0             0770482                   0                       0                       0                       0                       0             
LS 2018C68000008033610/07/2018094932AGR4111000000108377209/07/201809/07/201809/07/201801780102Rgl/Fact  2770483        C4          3389  00    0             0770483                   0                       0                       0                       0                       0             
LS 2018C68000008033610/07/2018094932RGL5311016800108377209/07/201809/07/201809/07/201801780102Rgl/Facture 2770483 CARTED4          3389CB00    0             0770483                   0                       0                       0                       0                       0             
LS 2018C68000008033610/07/2018094932AGR4111000000108377209/07/201809/07/201809/07/201801780103Rgl/Fact  2770484        C4          1499  00    0             0770484                   0                       0                       0                       0                       0             
LS 2018C68000008033610/07/2018094932RGL5311016800108377209/07/201809/07/201809/07/201801780103Rgl/Facture 2770484 CARTED4          1499CB00    0             0770484                   0                       0                       0                       0                       0             
LS 2018C68000008033610/07/2018094932AGR4111000000108377209/07/201809/07/201809/07/201801780104Rgl/Fact  2770485        C4          4859  00    0             0770485                   0                       0                       0                       0                       0             
LS 2018C68000008033610/07/2018094932RGL5311016800108377209/07/201809/07/201809/07/201801780104Rgl/Facture 2770485 CARTED4          4859CB00    0             0770485                   0                       0                       0                       0                       0             
LS 2018C68000008033610/07/2018094932AGR4111000000108377209/07/201809/07/201809/07/201801780105Rgl/Fact  2770486        C4          2644  00    0             0770486                   0                       0                       0                       0                       0             
LS 2018C68000008033610/07/2018094932RGL5311016800108377209/07/201809/07/201809/07/201801780105Rgl/Facture 2770486 CARTED4          2644CB00    0             0770486                   0                       0                       0                       0                       0             
LS 2018C68000008033610/07/2018094932AGR4111000000108377209/07/201809/07/201809/07/201801780106Rgl/Fact  2770487        C4           199  00    0             0770487                   0                       0                       0                       0                       0             
LS 2018C68000008033610/07/2018094932RGL5311016800108377209/07/201809/07/201809/07/201801780106Rgl/Facture 2770487 ESPECD4           199ES00    0             0770487                   0                       0                       0                       0                       0             
LS 2018C68000008033610/07/2018094932AGR4111000000108377209/07/201809/07/201809/07/201801780107Rgl/Fact  2770488        C4          1235  00    0             0770488                   0                       0                       0                       0                       0             
LS 2018C68000008033610/07/2018094932RGL5311016800108377209/07/201809/07/201809/07/201801780107Rgl/Facture 2770488 ESPECD4          1235ES00    0             0770488                   0                       0                       0                       0                       0             
LS 2018C68000008033610/07/2018094932AGR4111000000108377209/07/201809/07/201809/07/201801780108Rgl/Fact  2770489        C4          2913  00    0             0770489                   0                       0                       0                       0                       0             
LS 2018C68000008033610/07/2018094932RGL5311016800108377209/07/201809/07/201809/07/201801780108Rgl/Facture 2770489 CARTED4          2913CB00    0             0770489                   0                       0                       0                       0                       0             
LS 2018C68000008033610/07/2018094932AGR4111000000108377209/07/201809/07/201809/07/201801780109Rgl/Fact  2770490        C4          1235  00    0             0770490                   0                       0                       0                       0                       0             
LS 2018C68000008033610/07/2018094932RGL5311016800108377209/07/201809/07/201809/07/201801780109Rgl/Facture 2770490 CARTED4          1235CB00    0             0770490                   0                       0                       0                       0                       0             
LS 2018C68000008033610/07/2018094932AGR4111000000108377209/07/201809/07/201809/07/201801780110Rgl/Fact  2770491        C4          1048  00    0             0770491                   0                       0                       0                       0                       0             
LS 2018C68000008033610/07/2018094932RGL5311016800108377209/07/201809/07/201809/07/201801780110Rgl/Facture 2770491 CARTED4          1048CB00    0             0770491                   0                       0                       0                       0                       0             
LS 2018C68000008033610/07/2018094932AGR4111000000108377209/07/201809/07/201809/07/201801780111Rgl/Fact  2770492        C4           740  00    0             0770492                   0                       0                       0                       0                       0             
LS 2018C68000008033610/07/2018094932RGL5311016800108377209/07/201809/07/201809/07/201801780111Rgl/Facture 2770492 CARTED4           740CB00    0             0770492                   0                       0                       0                       0                       0             
LS 2018C68000008033610/07/2018094932AGR4111000000108377209/07/201809/07/201809/07/201801780112Rgl/Fact  2770493        C4         20822  00    0             0770493                   0                       0                       0                       0                       0             
LS 2018C68000008033610/07/2018094932RGL5311016800108377209/07/201809/07/201809/07/201801780112Rgl/Facture 2770493 CARTED4         20822CB00    0             0770493                   0                       0                       0                       0                       0             
LS 2018C68000008033610/07/2018094932AGR4111000000108377209/07/201809/07/201809/07/201801780113Rgl/Fact  2770494        C4          1098  00    0             0770494                   0                       0                       0                       0                       0             
LS 2018C68000008033610/07/2018094932RGL5311016800108377209/07/201809/07/201809/07/201801780113Rgl/Facture 2770494 ESPECD4          1098ES00    0             0770494                   0                       0                       0                       0                       0             
LS 2018C68000008033610/07/2018094932AGR4111000000108377209/07/201809/07/201809/07/201801780114Rgl/Fact  2770495        C4          2149  00    0             0770495                   0                       0                       0                       0                       0             
LS 2018C68000008033610/07/2018094932RGL5311016800108377209/07/201809/07/201809/07/201801780114Rgl/Facture 2770495 ESPECD4          2149ES00    0             0770495                   0                       0                       0                       0                       0             
LS 2018C68000008033610/07/2018094932AGR4111000000108377209/07/201809/07/201809/07/201801780115Rgl/Fact  2770496        C4          1719  00    0             0770496                   0                       0                       0                       0                       0             
LS 2018C68000008033610/07/2018094932RGL5311016800108377209/07/201809/07/201809/07/201801780115Rgl/Facture 2770496 CARTED4          1719CB00    0             0770496                   0                       0                       0                       0                       0             
LS 2018C68000008033610/07/2018094932AGR4111000000108377209/07/201809/07/201809/07/201801780116Rgl/Fact  2770497        C4          4230  00    0             0770497                   0                       0                       0                       0                       0             
LS 2018C68000008033610/07/2018094932RGL5311016800108377209/07/201809/07/201809/07/201801780116Rgl/Facture 2770497 CHEQUD4          4230CH00    0             0770497                   0                       0                       0                       0                       0             
LS 2018C68000008033610/07/2018094932AGR4111000000108377209/07/201809/07/201809/07/201801780118Rgl/Fact  2770499        C4          3019  00    0             0770499                   0                       0                       0                       0                       0             
LS 2018C68000008033610/07/2018094932RGL5311016800108377209/07/201809/07/201809/07/201801780118Rgl/Facture 2770499 CARTED4          3019CB00    0             0770499                   0                       0                       0                       0                       0             
LS 2018C68000008033610/07/2018094932AGR4111000000108377209/07/201809/07/201809/07/201801780119Rgl/Fact  2770500        C4           299  00    0             0770500                   0                       0                       0                       0                       0             
LS 2018C68000008033610/07/2018094932RGL5311016800108377209/07/201809/07/201809/07/201801780119Rgl/Facture 2770500 ESPECD4           299ES00    0             0770500                   0                       0                       0                       0                       0             
LS 2018C68000008033610/07/2018094932AGR4111000000108377209/07/201809/07/201809/07/201801780120Rgl/Fact  2770501        C4          1494  00    0             0770501                   0                       0                       0                       0                       0             
LS 2018C68000008033610/07/2018094932RGL5311016800108377209/07/201809/07/201809/07/201801780120Rgl/Facture 2770501 ESPECD4          1494ES00    0             0770501                   0                       0                       0                       0                       0             
LS 2018C68000008033610/07/2018094932AGR4111000000108377209/07/201809/07/201809/07/201801780121Rgl/Fact  2770502        C4          2855  00    0             0770502                   0                       0                       0                       0                       0             
LS 2018C68000008033610/07/2018094932RGL5311016800108377209/07/201809/07/201809/07/201801780121Rgl/Facture 2770502 CARTED4          2855CB00    0             0770502                   0                       0                       0                       0                       0             
LS 2018C68000008033610/07/2018094932AGR4111000000108377209/07/201809/07/201809/07/201801780122Rgl/Fact  2770503        C4           738  00    0             0770503                   0                       0                       0                       0                       0             
LS 2018C68000008033610/07/2018094932RGL5311016800108377209/07/201809/07/201809/07/201801780122Rgl/Facture 2770503 ESPECD4           738ES00    0             0770503                   0                       0                       0                       0                       0             
LS 2018C68000008033610/07/2018094932AGR4111000000108377209/07/201809/07/201809/07/201801780123Rgl/Fact  2770504        C4           298  00    0             0770504                   0                       0                       0                       0                       0             
LS 2018C68000008033610/07/2018094932RGL5311016800108377209/07/201809/07/201809/07/201801780123Rgl/Facture 2770504 ESPECD4           298ES00    0             0770504                   0                       0                       0                       0                       0             
LS 2018C68000008033610/07/2018094932AGR4111000000108377209/07/201809/07/201809/07/201801780124Rgl/Fact  2770505        C4            97  00    0             0770505                   0                       0                       0                       0                       0             
LS 2018C68000008033610/07/2018094932RGL5311016800108377209/07/201809/07/201809/07/201801780124Rgl/Facture 2770505 ESPECD4            97ES00    0             0770505                   0                       0                       0                       0                       0             
LS 2018C68000008033610/07/2018094932AGR4111000000108377209/07/201809/07/201809/07/201801780125Rgl/Fact  2770506        C4          2012  00    0             0770506                   0                       0                       0                       0                       0             
LS 2018C68000008033610/07/2018094932RGL5311016800108377209/07/201809/07/201809/07/201801780125Rgl/Facture 2770506 ESPECD4          2012ES00    0             0770506                   0                       0                       0                       0                       0             
LS 2018C68000008033610/07/2018094932AGR4111000000108377209/07/201809/07/201809/07/201801780126Rgl/Fact  2770507        C4          1450  00    0             0770507                   0                       0                       0                       0                       0             
LS 2018C68000008033610/07/2018094932RGL5311016800108377209/07/201809/07/201809/07/201801780126Rgl/Facture 2770507 ESPECD4          1450ES00    0             0770507                   0                       0                       0                       0                       0             
LS 2018C68000008033610/07/2018094932AGR4111000000108377209/07/201809/07/201809/07/201801780127Rgl/Fact  2770508        C4          1596  00    0             0770508                   0                       0                       0                       0                       0             
LS 2018C68000008033610/07/2018094932RGL5311016800108377209/07/201809/07/201809/07/201801780127Rgl/Facture 2770508 CARTED4          1596CB00    0             0770508                   0                       0                       0                       0                       0             
LS 2018C68000008033610/07/2018094932AGR4111000000108377209/07/201809/07/201809/07/201801780128Rgl/Fact  2770509        C4          3870  00    0             0770509                   0                       0                       0                       0                       0             
LS 2018C68000008033610/07/2018094932RGL5311016800108377209/07/201809/07/201809/07/201801780128Rgl/Facture 2770509 CARTED4          3870CB00    0             0770509                   0                       0                       0                       0                       0             
LS 2018C68000008033610/07/2018094932AGR4111000000108377209/07/201809/07/201809/07/201801780129Rgl/Fact  2770510        C4          3199  00    0             0770510                   0                       0                       0                       0                       0             
LS 2018C68000008033610/07/2018094932RGL5311016800108377209/07/201809/07/201809/07/201801780129Rgl/Facture 2770510 CARTED4          3199CB00    0             0770510                   0                       0                       0                       0                       0             
LS 2018C68000008033610/07/2018094932AGR4111000000108377209/07/201809/07/201809/07/201801780130Rgl/Fact  2770511        C4          6517  00    0             0770511                   0                       0                       0                       0                       0             
LS 2018C68000008033610/07/2018094932RGL5311016800108377209/07/201809/07/201809/07/201801780130Rgl/Facture 2770511 CARTED4          6517CB00    0             0770511                   0                       0                       0                       0                       0             
LS 2018C68000008033610/07/2018094932AGR4111000000108377209/07/201809/07/201809/07/201801780131Rgl/Fact  2770512        C4          1357  00    0             0770512                   0                       0                       0                       0                       0             
LS 2018C68000008033610/07/2018094932RGL5311016800108377209/07/201809/07/201809/07/201801780131Rgl/Facture 2770512 ESPECD4          1357ES00    0             0770512                   0                       0                       0                       0                       0             
LS 2018C68000008033610/07/2018094932AGR4111000000108377209/07/201809/07/201809/07/201801780132Rgl/Fact  2770513        C4          3999  00    0             0770513                   0                       0                       0                       0                       0             
LS 2018C68000008033610/07/2018094932RGL5311016800108377209/07/201809/07/201809/07/201801780132Rgl/Facture 2770513 CARTED4          3999CB00    0             0770513                   0                       0                       0                       0                       0             
LS 2018C68000008033610/07/2018094932AGR4111000002210072809/07/201809/07/201809/07/201801780117Rgl/Fact  2770498        C4          3184  00    0             0770498                   0                       0                       0                       0                       0             
LS 2018C68000008033610/07/2018094932RGL5311016802210072809/07/201809/07/201809/07/201801780117Rgl/Facture 2770498 CARTED4          3184CB00    0             0770498                   0                       0                       0                       0                       0             
LS 2018C68000008033610/07/2018094932RGL5820000001083772 09/07/201809/07/201809/07/201801780134168/Remise CH  2737106   D4          5190CH00    0             0737106                   0                       0                       0                       0                       0             
LS 2018C68000008033610/07/2018094932RGL531101680        09/07/201809/07/201809/07/201801780134168/Remise CH  2737106 CHC4          5190CH00    0             0737106                   0                       0                       0                       0                       0             
LS 2018C68000008033610/07/2018094932RGL5830000001083772 09/07/201809/07/201809/07/201801780135168/Remise CB            D4         70003CB00    0             0000000                   0                       0                       0                       0                       0             
LS 2018C68000008033610/07/2018094932RGL531101680        09/07/201809/07/201809/07/201801780135168/Remise CB   CARTE    C4         70003CB00    0             0000000                   0                       0                       0                       0                       0             
