LS 2018C24000008032210/07/2018094906AGR4111000000181100009/07/201809/07/201809/07/201801437298Rgl/Fact  20431590       C4          1980  00    0             0431590                   0                       0                       0                       0                       0             
LS 2018C24000008032210/07/2018094906RGL5311090400181100009/07/201809/07/201809/07/201801437298Rgl/Facture 20431590 ESPED4          1980ES00    0             0431590                   0                       0                       0                       0                       0             
LS 2018C24000008032210/07/2018094906AGR4111000000181100009/07/201809/07/201809/07/201801437299Rgl/Fact  20431591       C4           500  00    0             0431591                   0                       0                       0                       0                       0             
LS 2018C24000008032210/07/2018094906RGL5311090400181100009/07/201809/07/201809/07/201801437299Rgl/Facture 20431591 ESPED4           500ES00    0             0431591                   0                       0                       0                       0                       0             
LS 2018C24000008032210/07/2018094906AGR4111000000181100009/07/201809/07/201809/07/201801437300Rgl/Fact  20431592       C4          1890  00    0             0431592                   0                       0                       0                       0                       0             
LS 2018C24000008032210/07/2018094906RGL5311090400181100009/07/201809/07/201809/07/201801437300Rgl/Facture 20431592 CARTD4          1890CB00    0             0431592                   0                       0                       0                       0                       0             
LS 2018C24000008032210/07/2018094906AGR4111000000181100009/07/201809/07/201809/07/201801437301Rgl/Fact  20431593       C4          1690  00    0             0431593                   0                       0                       0                       0                       0             
LS 2018C24000008032210/07/2018094906RGL5311090400181100009/07/201809/07/201809/07/201801437301Rgl/Facture 20431593 ESPED4          1690ES00    0             0431593                   0                       0                       0                       0                       0             
LS 2018C24000008032210/07/2018094906AGR4111000000181100009/07/201809/07/201809/07/201801437302Rgl/Fact  20431594       C4          3690  00    0             0431594                   0                       0                       0                       0                       0             
LS 2018C24000008032210/07/2018094906RGL5311090400181100009/07/201809/07/201809/07/201801437302Rgl/Facture 20431594 ESPED4          3690ES00    0             0431594                   0                       0                       0                       0                       0             
LS 2018C24000008032210/07/2018094906AGR4111000000181100009/07/201809/07/201809/07/201801437303Rgl/Fact  20431595       C4           675  00    0             0431595                   0                       0                       0                       0                       0             
LS 2018C24000008032210/07/2018094906RGL5311090400181100009/07/201809/07/201809/07/201801437303Rgl/Facture 20431595 CARTD4           675CB00    0             0431595                   0                       0                       0                       0                       0             
LS 2018C24000008032210/07/2018094906AGR4111000000181100009/07/201809/07/201809/07/201801437304Rgl/Fact  20431596       C4          4500  00    0             0431596                   0                       0                       0                       0                       0             
LS 2018C24000008032210/07/2018094906RGL5311090400181100009/07/201809/07/201809/07/201801437304Rgl/Facture 20431596 CARTD4          4500CB00    0             0431596                   0                       0                       0                       0                       0             
LS 2018C24000008032210/07/2018094906AGR4111000000181100009/07/201809/07/201809/07/201801437305Rgl/Fact  20431597       C4           319  00    0             0431597                   0                       0                       0                       0                       0             
LS 2018C24000008032210/07/2018094906RGL5311090400181100009/07/201809/07/201809/07/201801437305Rgl/Facture 20431597 ESPED4           319ES00    0             0431597                   0                       0                       0                       0                       0             
LS 2018C24000008032210/07/2018094906AGR4111000000181100009/07/201809/07/201809/07/201801437306Rgl/Fact  20431598       C4          5100  00    0             0431598                   0                       0                       0                       0                       0             
LS 2018C24000008032210/07/2018094906RGL5311090400181100009/07/201809/07/201809/07/201801437306Rgl/Facture 20431598 CARTD4          5100CB00    0             0431598                   0                       0                       0                       0                       0             
LS 2018C24000008032210/07/2018094906AGR4111000000181100009/07/201809/07/201809/07/201801437307Rgl/Fact  20431599       C4           700  00    0             0431599                   0                       0                       0                       0                       0             
LS 2018C24000008032210/07/2018094906RGL5311090400181100009/07/201809/07/201809/07/201801437307Rgl/Facture 20431599 CARTD4           700CB00    0             0431599                   0                       0                       0                       0                       0             
LS 2018C24000008032210/07/2018094906AGR4111000000181100009/07/201809/07/201809/07/201801437308Rgl/Fact  20431600       C4           690  00    0             0431600                   0                       0                       0                       0                       0             
LS 2018C24000008032210/07/2018094906RGL5311090400181100009/07/201809/07/201809/07/201801437308Rgl/Facture 20431600 ESPED4           690ES00    0             0431600                   0                       0                       0                       0                       0             
LS 2018C24000008032210/07/2018094906AGR4111000000181100009/07/201809/07/201809/07/201801437309Rgl/Fact  20431601       C4         25400  00    0             0431601                   0                       0                       0                       0                       0             
LS 2018C24000008032210/07/2018094906RGL5311090400181100009/07/201809/07/201809/07/201801437309Rgl/Facture 20431601 CARTD4         25400CB00    0             0431601                   0                       0                       0                       0                       0             
LS 2018C24000008032210/07/2018094906AGR4111000000181100009/07/201809/07/201809/07/201801437310Rgl/Fact  20431602       C4          5480  00    0             0431602                   0                       0                       0                       0                       0             
LS 2018C24000008032210/07/2018094906RGL5311090400181100009/07/201809/07/201809/07/201801437310Rgl/Facture 20431602 CHEQD4          5480CH00    0             0431602                   0                       0                       0                       0                       0             
LS 2018C24000008032210/07/2018094906AGR4111000000181100009/07/201809/07/201809/07/201801437311Rgl/Fact  20431603       C4          5188  00    0             0431603                   0                       0                       0                       0                       0             
LS 2018C24000008032210/07/2018094906RGL5311090400181100009/07/201809/07/201809/07/201801437311Rgl/Facture 20431603 CARTD4          5188CB00    0             0431603                   0                       0                       0                       0                       0             
LS 2018C24000008032210/07/2018094906AGR4111000000181100009/07/201809/07/201809/07/201801437312Rgl/Fact  20431604       C4           970  00    0             0431604                   0                       0                       0                       0                       0             
LS 2018C24000008032210/07/2018094906RGL5311090400181100009/07/201809/07/201809/07/201801437312Rgl/Facture 20431604 ESPED4           970ES00    0             0431604                   0                       0                       0                       0                       0             
LS 2018C24000008032210/07/2018094906AGR4111000000181100009/07/201809/07/201809/07/201801437313Rgl/Fact  20431605       C4          2990  00    0             0431605                   0                       0                       0                       0                       0             
LS 2018C24000008032210/07/2018094906RGL5311090400181100009/07/201809/07/201809/07/201801437313Rgl/Facture 20431605 CARTD4          2990CB00    0             0431605                   0                       0                       0                       0                       0             
LS 2018C24000008032210/07/2018094906AGR4111000000181100009/07/201809/07/201809/07/201801437314Rgl/Fact  20431606       C4          1500  00    0             0431606                   0                       0                       0                       0                       0             
LS 2018C24000008032210/07/2018094906RGL5311090400181100009/07/201809/07/201809/07/201801437314Rgl/Facture 20431606 CARTD4          1500CB00    0             0431606                   0                       0                       0                       0                       0             
LS 2018C24000008032210/07/2018094906AGR4111000000181100009/07/201809/07/201809/07/201801437315Rgl/Fact  20431607       C4          5580  00    0             0431607                   0                       0                       0                       0                       0             
LS 2018C24000008032210/07/2018094906RGL5311090400181100009/07/201809/07/201809/07/201801437315Rgl/Facture 20431607 ESPED4          5580ES00    0             0431607                   0                       0                       0                       0                       0             
LS 2018C24000008032210/07/2018094906AGR4111000000181100009/07/201809/07/201809/07/201801437316Rgl/Fact  20431608       C4          3175  00    0             0431608                   0                       0                       0                       0                       0             
LS 2018C24000008032210/07/2018094906RGL5311090400181100009/07/201809/07/201809/07/201801437316Rgl/Facture 20431608 CHEQD4          3175CH00    0             0431608                   0                       0                       0                       0                       0             
LS 2018C24000008032210/07/2018094906AGR4111000000181100009/07/201809/07/201809/07/201801437317Rgl/Fact  20431609       C4         93000  00    0             0431609                   0                       0                       0                       0                       0             
LS 2018C24000008032210/07/2018094906RGL5311090400181100009/07/201809/07/201809/07/201801437317Rgl/Facture 20431609 CARTD4         93000CB00    0             0431609                   0                       0                       0                       0                       0             
LS 2018C24000008032210/07/2018094906AGR4111000000181100009/07/201809/07/201809/07/201801437318Rgl/Fact  20431610       C4           600  00    0             0431610                   0                       0                       0                       0                       0             
LS 2018C24000008032210/07/2018094906RGL5311090400181100009/07/201809/07/201809/07/201801437318Rgl/Facture 20431610 ESPED4           600ES00    0             0431610                   0                       0                       0                       0                       0             
LS 2018C24000008032210/07/2018094906AGR4111000000181100009/07/201809/07/201809/07/201801437319Rgl/Fact  20431611       C4          1030  00    0             0431611                   0                       0                       0                       0                       0             
LS 2018C24000008032210/07/2018094906RGL5311090400181100009/07/201809/07/201809/07/201801437319Rgl/Facture 20431611 ESPED4          1030ES00    0             0431611                   0                       0                       0                       0                       0             
LS 2018C24000008032210/07/2018094906AGR4111000000181100009/07/201809/07/201809/07/201801437320Rgl/Fact  20431612       C4          2790  00    0             0431612                   0                       0                       0                       0                       0             
LS 2018C24000008032210/07/2018094906RGL5311090400181100009/07/201809/07/201809/07/201801437320Rgl/Facture 20431612 CARTD4          2790CB00    0             0431612                   0                       0                       0                       0                       0             
LS 2018C24000008032210/07/2018094906AGR4111000000181100009/07/201809/07/201809/07/201801437321Rgl/Fact  20431613       C4           230  00    0             0431613                   0                       0                       0                       0                       0             
LS 2018C24000008032210/07/2018094906RGL5311090400181100009/07/201809/07/201809/07/201801437321Rgl/Facture 20431613 ESPED4           230ES00    0             0431613                   0                       0                       0                       0                       0             
LS 2018C24000008032210/07/2018094906AGR4111000000181100009/07/201809/07/201809/07/201801437322Rgl/Fact  20431614       C4          2790  00    0             0431614                   0                       0                       0                       0                       0             
LS 2018C24000008032210/07/2018094906RGL5311090400181100009/07/201809/07/201809/07/201801437322Rgl/Facture 20431614 CARTD4          2790CB00    0             0431614                   0                       0                       0                       0                       0             
LS 2018C24000008032210/07/2018094906AGR4111000000181100009/07/201809/07/201809/07/201801437323Rgl/Fact  20431615       C4           897  00    0             0431615                   0                       0                       0                       0                       0             
LS 2018C24000008032210/07/2018094906RGL5311090400181100009/07/201809/07/201809/07/201801437323Rgl/Facture 20431615 CARTD4           897CB00    0             0431615                   0                       0                       0                       0                       0             
LS 2018C24000008032210/07/2018094906AGR4111000000181100009/07/201809/07/201809/07/201801437324Rgl/Fact  20431616       C4          1550  00    0             0431616                   0                       0                       0                       0                       0             
LS 2018C24000008032210/07/2018094906RGL5311090400181100009/07/201809/07/201809/07/201801437324Rgl/Facture 20431616 CARTD4          1550CB00    0             0431616                   0                       0                       0                       0                       0             
LS 2018C24000008032210/07/2018094906AGR4111000000181100009/07/201809/07/201809/07/201801437325Rgl/Fact  20431617       C4         11045  00    0             0431617                   0                       0                       0                       0                       0             
LS 2018C24000008032210/07/2018094906RGL5311090400181100009/07/201809/07/201809/07/201801437325Rgl/Facture 20431617 CARTD4         11045CB00    0             0431617                   0                       0                       0                       0                       0             
LS 2018C24000008032210/07/2018094906AGR4111000000181100009/07/201809/07/201809/07/201801437326Rgl/Fact  20431618       C4          3589  00    0             0431618                   0                       0                       0                       0                       0             
LS 2018C24000008032210/07/2018094906RGL5311090400181100009/07/201809/07/201809/07/201801437326Rgl/Facture 20431618 CARTD4          3589CB00    0             0431618                   0                       0                       0                       0                       0             
LS 2018C24000008032210/07/2018094906AGR4111000000181100009/07/201809/07/201809/07/201801437327Rgl/Fact  20431619       C4          8480  00    0             0431619                   0                       0                       0                       0                       0             
LS 2018C24000008032210/07/2018094906RGL5311090400181100009/07/201809/07/201809/07/201801437327Rgl/Facture 20431619 CARTD4          8480CB00    0             0431619                   0                       0                       0                       0                       0             
LS 2018C24000008032210/07/2018094906AGR4111000000181100009/07/201809/07/201809/07/201801437328Rgl/Fact  20431620       C4          2039  00    0             0431620                   0                       0                       0                       0                       0             
LS 2018C24000008032210/07/2018094906RGL5311090400181100009/07/201809/07/201809/07/201801437328Rgl/Facture 20431620 ESPED4          2039ES00    0             0431620                   0                       0                       0                       0                       0             
LS 2018C24000008032210/07/2018094906AGR4111000000181100009/07/201809/07/201809/07/201801437329Rgl/Fact  20431621       C4          2990  00    0             0431621                   0                       0                       0                       0                       0             
LS 2018C24000008032210/07/2018094906RGL5311090400181100009/07/201809/07/201809/07/201801437329Rgl/Facture 20431621 ESPED4          2990ES00    0             0431621                   0                       0                       0                       0                       0             
LS 2018C24000008032210/07/2018094906AGR4111000000181100009/07/201809/07/201809/07/201801437330Rgl/Fact  20431622       C4          1316  00    0             0431622                   0                       0                       0                       0                       0             
LS 2018C24000008032210/07/2018094906RGL5311090400181100009/07/201809/07/201809/07/201801437330Rgl/Facture 20431622 ESPED4          1316ES00    0             0431622                   0                       0                       0                       0                       0             
LS 2018C24000008032210/07/2018094906AGR4111000000181100009/07/201809/07/201809/07/201801437331Rgl/Fact  20431623       C4          2295  00    0             0431623                   0                       0                       0                       0                       0             
LS 2018C24000008032210/07/2018094906RGL5311090400181100009/07/201809/07/201809/07/201801437331Rgl/Facture 20431623 CARTD4          2295CB00    0             0431623                   0                       0                       0                       0                       0             
LS 2018C24000008032210/07/2018094906AGR4111000000181100009/07/201809/07/201809/07/201801437332Rgl/Fact  20431624       C4          2920  00    0             0431624                   0                       0                       0                       0                       0             
LS 2018C24000008032210/07/2018094906RGL5311090400181100009/07/201809/07/201809/07/201801437332Rgl/Facture 20431624 CHEQD4          2920CH00    0             0431624                   0                       0                       0                       0                       0             
LS 2018C24000008032210/07/2018094906AGR4111000000181100009/07/201809/07/201809/07/201801437333Rgl/Fact  20431625       C4          3850  00    0             0431625                   0                       0                       0                       0                       0             
LS 2018C24000008032210/07/2018094906RGL5311090400181100009/07/201809/07/201809/07/201801437333Rgl/Facture 20431625 CARTD4          3850CB00    0             0431625                   0                       0                       0                       0                       0             
LS 2018C24000008032210/07/2018094906AGR4111000000181100009/07/201809/07/201809/07/201801437334Rgl/Fact  20431626       C4          1498  00    0             0431626                   0                       0                       0                       0                       0             
LS 2018C24000008032210/07/2018094906RGL5311090400181100009/07/201809/07/201809/07/201801437334Rgl/Facture 20431626 CARTD4          1498CB00    0             0431626                   0                       0                       0                       0                       0             
LS 2018C24000008032210/07/2018094906AGR4111000000181100009/07/201809/07/201809/07/201801437335Rgl/Fact  20431627       C4           750  00    0             0431627                   0                       0                       0                       0                       0             
LS 2018C24000008032210/07/2018094906RGL5311090400181100009/07/201809/07/201809/07/201801437335Rgl/Facture 20431627 ESPED4           750ES00    0             0431627                   0                       0                       0                       0                       0             
LS 2018C24000008032210/07/2018094906AGR4111000000181100009/07/201809/07/201809/07/201801437337Rgl/Fact  20431629       C4          3425  00    0             0431629                   0                       0                       0                       0                       0             
LS 2018C24000008032210/07/2018094906RGL5311090400181100009/07/201809/07/201809/07/201801437337Rgl/Facture 20431629 CARTD4          3425CB00    0             0431629                   0                       0                       0                       0                       0             
LS 2018C24000008032210/07/2018094906AGR4111000000181100009/07/201809/07/201809/07/201801437338Rgl/Fact  20431630       C4          1350  00    0             0431630                   0                       0                       0                       0                       0             
LS 2018C24000008032210/07/2018094906RGL5311090400181100009/07/201809/07/201809/07/201801437338Rgl/Facture 20431630 ESPED4          1350ES00    0             0431630                   0                       0                       0                       0                       0             
LS 2018C24000008032210/07/2018094906AGR4111000000181100009/07/201809/07/201809/07/201801437339Rgl/Fact  20431631       C4          3500  00    0             0431631                   0                       0                       0                       0                       0             
LS 2018C24000008032210/07/2018094906RGL5311090400181100009/07/201809/07/201809/07/201801437339Rgl/Facture 20431631 ESPED4          3500ES00    0             0431631                   0                       0                       0                       0                       0             
LS 2018C24000008032210/07/2018094906AGR4111000000181100009/07/201809/07/201809/07/201801437340Rgl/Fact  20431632       C4          5880  00    0             0431632                   0                       0                       0                       0                       0             
LS 2018C24000008032210/07/2018094906RGL5311090400181100009/07/201809/07/201809/07/201801437340Rgl/Facture 20431632 CARTD4          5880CB00    0             0431632                   0                       0                       0                       0                       0             
LS 2018C24000008032210/07/2018094906AGR4111000000181100009/07/201809/07/201809/07/201801437341Rgl/Fact  20431633       C4          1990  00    0             0431633                   0                       0                       0                       0                       0             
LS 2018C24000008032210/07/2018094906RGL5311090400181100009/07/201809/07/201809/07/201801437341Rgl/Facture 20431633 CARTD4          1990CB00    0             0431633                   0                       0                       0                       0                       0             
LS 2018C24000008032210/07/2018094906AGR4111000002210022309/07/201809/07/201809/07/201801437336Rgl/Fact  20431628       C4          2447  00    0             0431628                   0                       0                       0                       0                       0             
LS 2018C24000008032210/07/2018094906RGL5311090402210022309/07/201809/07/201809/07/201801437336Rgl/Facture 20431628 CARTD4          2447CB00    0             0431628                   0                       0                       0                       0                       0             
LS 2018C24000008032210/07/2018094906RGL5820000001811000 09/07/201809/07/201809/07/201801437343904/Remise CH  090718    D4         11575CH00    0             0090718                   0                       0                       0                       0                       0             
LS 2018C24000008032210/07/2018094906RGL531109040        09/07/201809/07/201809/07/201801437343904/Remise CH  090718 CHEC4         11575CH00    0             0090718                   0                       0                       0                       0                       0             
LS 2018C24000008032210/07/2018094906RGL5830000001811000 09/07/201809/07/201809/07/201801437344904/Remise CB            D4        193469CB00    0             0000000                   0                       0                       0                       0                       0             
LS 2018C24000008032210/07/2018094906RGL531109040        09/07/201809/07/201809/07/201801437344904/Remise CB   CARTE    C4        193469CB00    0             0000000                   0                       0                       0                       0                       0             
