LS 2018C16000008031910/07/2018094900AGR4111000000108376109/07/201809/07/201809/07/201801574458Rgl/Fact  1560945        C4          1445  00    0             0560945                   0                       0                       0                       0                       0             
LS 2018C16000008031910/07/2018094900RGL5311011600108376109/07/201809/07/201809/07/201801574458Rgl/Facture 1560945 CARTED4          1445CB00    0             0560945                   0                       0                       0                       0                       0             
LS 2018C16000008031910/07/2018094900AGR4111000000108376109/07/201809/07/201809/07/201801574459Rgl/Fact  1560946        C4          1366  00    0             0560946                   0                       0                       0                       0                       0             
LS 2018C16000008031910/07/2018094900RGL5311011600108376109/07/201809/07/201809/07/201801574459Rgl/Facture 1560946 CARTED4          1366CB00    0             0560946                   0                       0                       0                       0                       0             
LS 2018C16000008031910/07/2018094900AGR4111000000108376109/07/201809/07/201809/07/201801574460Rgl/Fact  1560947        C4          3470  00    0             0560947                   0                       0                       0                       0                       0             
LS 2018C16000008031910/07/2018094900RGL5311011600108376109/07/201809/07/201809/07/201801574460Rgl/Facture 1560947 ESPECD4          3470ES00    0             0560947                   0                       0                       0                       0                       0             
LS 2018C16000008031910/07/2018094900AGR4111000000108376109/07/201809/07/201809/07/201801574461Rgl/Fact  1560948        C4          1313  00    0             0560948                   0                       0                       0                       0                       0             
LS 2018C16000008031910/07/2018094900RGL5311011600108376109/07/201809/07/201809/07/201801574461Rgl/Facture 1560948 CARTED4          1313CB00    0             0560948                   0                       0                       0                       0                       0             
LS 2018C16000008031910/07/2018094900AGR4111000000108376109/07/201809/07/201809/07/201801574462Rgl/Fact  1560949        C4          4109  00    0             0560949                   0                       0                       0                       0                       0             
LS 2018C16000008031910/07/2018094900RGL5311011600108376109/07/201809/07/201809/07/201801574462Rgl/Facture 1560949 CARTED4          4109CB00    0             0560949                   0                       0                       0                       0                       0             
LS 2018C16000008031910/07/2018094900AGR4111000000108376109/07/201809/07/201809/07/201801574463Rgl/Fact  1560950        C4          1339  00    0             0560950                   0                       0                       0                       0                       0             
LS 2018C16000008031910/07/2018094900RGL5311011600108376109/07/201809/07/201809/07/201801574463Rgl/Facture 1560950 CARTED4          1339CB00    0             0560950                   0                       0                       0                       0                       0             
LS 2018C16000008031910/07/2018094900AGR4111000000108376109/07/201809/07/201809/07/201801574464Rgl/Fact  1560951        C4          2037  00    0             0560951                   0                       0                       0                       0                       0             
LS 2018C16000008031910/07/2018094900RGL5311011600108376109/07/201809/07/201809/07/201801574464Rgl/Facture 1560951 CARTED4          2037CB00    0             0560951                   0                       0                       0                       0                       0             
LS 2018C16000008031910/07/2018094900AGR4111000000108376109/07/201809/07/201809/07/201801574465Rgl/Fact  1560952        C4          3096  00    0             0560952                   0                       0                       0                       0                       0             
LS 2018C16000008031910/07/2018094900RGL5311011600108376109/07/201809/07/201809/07/201801574465Rgl/Facture 1560952 CARTED4          3096CB00    0             0560952                   0                       0                       0                       0                       0             
LS 2018C16000008031910/07/2018094900AGR4111000000108376109/07/201809/07/201809/07/201801574466Rgl/Fact  1560953        C4          2599  00    0             0560953                   0                       0                       0                       0                       0             
LS 2018C16000008031910/07/2018094900RGL5311011600108376109/07/201809/07/201809/07/201801574466Rgl/Facture 1560953 CARTED4          2599CB00    0             0560953                   0                       0                       0                       0                       0             
LS 2018C16000008031910/07/2018094900AGR4111000000108376109/07/201809/07/201809/07/201801574467Rgl/Fact  1560954        C4          1599  00    0             0560954                   0                       0                       0                       0                       0             
LS 2018C16000008031910/07/2018094900RGL5311011600108376109/07/201809/07/201809/07/201801574467Rgl/Facture 1560954 CARTED4          1599CB00    0             0560954                   0                       0                       0                       0                       0             
LS 2018C16000008031910/07/2018094900AGR4111000000108376109/07/201809/07/201809/07/201801574468Rgl/Fact  1560955        C4          2909  00    0             0560955                   0                       0                       0                       0                       0             
LS 2018C16000008031910/07/2018094900RGL5311011600108376109/07/201809/07/201809/07/201801574468Rgl/Facture 1560955 CARTED4          2909CB00    0             0560955                   0                       0                       0                       0                       0             
LS 2018C16000008031910/07/2018094900AGR4111000000108376109/07/201809/07/201809/07/201801574469Rgl/Fact  1560956        C4           649  00    0             0560956                   0                       0                       0                       0                       0             
LS 2018C16000008031910/07/2018094900RGL5311011600108376109/07/201809/07/201809/07/201801574469Rgl/Facture 1560956 CARTED4           649CB00    0             0560956                   0                       0                       0                       0                       0             
LS 2018C16000008031910/07/2018094900AGR4111000000108376109/07/201809/07/201809/07/201801574470Rgl/Fact  1560957        C4           749  00    0             0560957                   0                       0                       0                       0                       0             
LS 2018C16000008031910/07/2018094900RGL5311011600108376109/07/201809/07/201809/07/201801574470Rgl/Facture 1560957 ESPECD4           749ES00    0             0560957                   0                       0                       0                       0                       0             
LS 2018C16000008031910/07/2018094900AGR4111000000108376109/07/201809/07/201809/07/201801574471Rgl/Fact  1560958        C4          1050  00    0             0560958                   0                       0                       0                       0                       0             
LS 2018C16000008031910/07/2018094900RGL5311011600108376109/07/201809/07/201809/07/201801574471Rgl/Facture 1560958 ESPECD4          1050ES00    0             0560958                   0                       0                       0                       0                       0             
LS 2018C16000008031910/07/2018094900AGR4111000000108376109/07/201809/07/201809/07/201801574472Rgl/Fact  1560959        C4           879  00    0             0560959                   0                       0                       0                       0                       0             
LS 2018C16000008031910/07/2018094900RGL5311011600108376109/07/201809/07/201809/07/201801574472Rgl/Facture 1560959 CARTED4           879CB00    0             0560959                   0                       0                       0                       0                       0             
LS 2018C16000008031910/07/2018094900AGR4111000000108376109/07/201809/07/201809/07/201801574473Rgl/Fact  1560960        C4           429  00    0             0560960                   0                       0                       0                       0                       0             
LS 2018C16000008031910/07/2018094900RGL5311011600108376109/07/201809/07/201809/07/201801574473Rgl/Facture 1560960 ESPECD4           429ES00    0             0560960                   0                       0                       0                       0                       0             
LS 2018C16000008031910/07/2018094900AGR4111000000108376109/07/201809/07/201809/07/201801574474Rgl/Fact  1560961        C4          2870  00    0             0560961                   0                       0                       0                       0                       0             
LS 2018C16000008031910/07/2018094900RGL5311011600108376109/07/201809/07/201809/07/201801574474Rgl/Facture 1560961 CARTED4          2870CB00    0             0560961                   0                       0                       0                       0                       0             
LS 2018C16000008031910/07/2018094900AGR4111000000108376109/07/201809/07/201809/07/201801574475Rgl/Fact  1560962        C4          6004  00    0             0560962                   0                       0                       0                       0                       0             
LS 2018C16000008031910/07/2018094900RGL5311011600108376109/07/201809/07/201809/07/201801574475Rgl/Facture 1560962 CARTED4          6004CB00    0             0560962                   0                       0                       0                       0                       0             
LS 2018C16000008031910/07/2018094900AGR4111000000108376109/07/201809/07/201809/07/201801574476Rgl/Fact  1560963        C4          1088  00    0             0560963                   0                       0                       0                       0                       0             
LS 2018C16000008031910/07/2018094900RGL5311011600108376109/07/201809/07/201809/07/201801574476Rgl/Facture 1560963 ESPECD4          1088ES00    0             0560963                   0                       0                       0                       0                       0             
LS 2018C16000008031910/07/2018094900AGR4111000000108376109/07/201809/07/201809/07/201801574477Rgl/Fact  1560964        C4           479  00    0             0560964                   0                       0                       0                       0                       0             
LS 2018C16000008031910/07/2018094900RGL5311011600108376109/07/201809/07/201809/07/201801574477Rgl/Facture 1560964 ESPECD4           479ES00    0             0560964                   0                       0                       0                       0                       0             
LS 2018C16000008031910/07/2018094900AGR4111000000108376109/07/201809/07/201809/07/201801574478Rgl/Fact  1560965        C4          1378  00    0             0560965                   0                       0                       0                       0                       0             
LS 2018C16000008031910/07/2018094900RGL5311011600108376109/07/201809/07/201809/07/201801574478Rgl/Facture 1560965 CARTED4          1378CB00    0             0560965                   0                       0                       0                       0                       0             
LS 2018C16000008031910/07/2018094900AGR4111000000108376109/07/201809/07/201809/07/201801574479Rgl/Fact  1560966        C4          1128  00    0             0560966                   0                       0                       0                       0                       0             
LS 2018C16000008031910/07/2018094900RGL5311011600108376109/07/201809/07/201809/07/201801574479Rgl/Facture 1560966 ESPECD4          1128ES00    0             0560966                   0                       0                       0                       0                       0             
LS 2018C16000008031910/07/2018094900AGR4111000000108376109/07/201809/07/201809/07/201801574480Rgl/Fact  1560967        C4          1804  00    0             0560967                   0                       0                       0                       0                       0             
LS 2018C16000008031910/07/2018094900RGL5311011600108376109/07/201809/07/201809/07/201801574480Rgl/Facture 1560967 CARTED4          1804CB00    0             0560967                   0                       0                       0                       0                       0             
LS 2018C16000008031910/07/2018094900AGR4111000000108376109/07/201809/07/201809/07/201801574481Rgl/Fact  1560968        C4         18142  00    0             0560968                   0                       0                       0                       0                       0             
LS 2018C16000008031910/07/2018094900RGL5311011600108376109/07/201809/07/201809/07/201801574481Rgl/Facture 1560968 CARTED4         18142CB00    0             0560968                   0                       0                       0                       0                       0             
LS 2018C16000008031910/07/2018094900AGR4111000000108376109/07/201809/07/201809/07/201801574482Rgl/Fact  1560969        C4          3628  00    0             0560969                   0                       0                       0                       0                       0             
LS 2018C16000008031910/07/2018094900RGL5311011600108376109/07/201809/07/201809/07/201801574482Rgl/Facture 1560969 ESPECD4          3628ES00    0             0560969                   0                       0                       0                       0                       0             
LS 2018C16000008031910/07/2018094900AGR4111000000108376109/07/201809/07/201809/07/201801574483Rgl/Fact  1560970        C4          6543  00    0             0560970                   0                       0                       0                       0                       0             
LS 2018C16000008031910/07/2018094900RGL5311011600108376109/07/201809/07/201809/07/201801574483Rgl/Facture 1560970 CARTED4          6543CB00    0             0560970                   0                       0                       0                       0                       0             
LS 2018C16000008031910/07/2018094900AGR4111000000108376109/07/201809/07/201809/07/201801574484Rgl/Fact  1560971        C4          3299  00    0             0560971                   0                       0                       0                       0                       0             
LS 2018C16000008031910/07/2018094900RGL5311011600108376109/07/201809/07/201809/07/201801574484Rgl/Facture 1560971 CARTED4          3299CB00    0             0560971                   0                       0                       0                       0                       0             
LS 2018C16000008031910/07/2018094900AGR4111000000108376109/07/201809/07/201809/07/201801574485Rgl/Fact  1560972        C4           409  00    0             0560972                   0                       0                       0                       0                       0             
LS 2018C16000008031910/07/2018094900RGL5311011600108376109/07/201809/07/201809/07/201801574485Rgl/Facture 1560972 ESPECD4           409ES00    0             0560972                   0                       0                       0                       0                       0             
LS 2018C16000008031910/07/2018094900AGR4111000000108376109/07/201809/07/201809/07/201801574486Rgl/Fact  1560973        C4          1106  00    0             0560973                   0                       0                       0                       0                       0             
LS 2018C16000008031910/07/2018094900RGL5311011600108376109/07/201809/07/201809/07/201801574486Rgl/Facture 1560973 CARTED4          1106CB00    0             0560973                   0                       0                       0                       0                       0             
LS 2018C16000008031910/07/2018094900AGR4111000000108376109/07/201809/07/201809/07/201801574487Rgl/Fact  1560974        C4         23455  00    0             0560974                   0                       0                       0                       0                       0             
LS 2018C16000008031910/07/2018094900RGL5311011600108376109/07/201809/07/201809/07/201801574487Rgl/Facture 1560974 CARTED4         23455CB00    0             0560974                   0                       0                       0                       0                       0             
LS 2018C16000008031910/07/2018094900AGR4111000000108376109/07/201809/07/201809/07/201801574488Rgl/Fact  1560975        C4           729  00    0             0560975                   0                       0                       0                       0                       0             
LS 2018C16000008031910/07/2018094900RGL5311011600108376109/07/201809/07/201809/07/201801574488Rgl/Facture 1560975 ESPECD4           729ES00    0             0560975                   0                       0                       0                       0                       0             
LS 2018C16000008031910/07/2018094900AGR4111000000108376109/07/201809/07/201809/07/201801574489Rgl/Fact  1560976        C4          3140  00    0             0560976                   0                       0                       0                       0                       0             
LS 2018C16000008031910/07/2018094900RGL5311011600108376109/07/201809/07/201809/07/201801574489Rgl/Facture 1560976 CARTED4          3140CB00    0             0560976                   0                       0                       0                       0                       0             
LS 2018C16000008031910/07/2018094900AGR4111000000108376109/07/201809/07/201809/07/201801574490Rgl/Fact  1560977        C4          3398  00    0             0560977                   0                       0                       0                       0                       0             
LS 2018C16000008031910/07/2018094900RGL5311011600108376109/07/201809/07/201809/07/201801574490Rgl/Facture 1560977 CARTED4          3398CB00    0             0560977                   0                       0                       0                       0                       0             
LS 2018C16000008031910/07/2018094900AGR4111000000108376109/07/201809/07/201809/07/201801574491Rgl/Fact  1560978        C4          3315  00    0             0560978                   0                       0                       0                       0                       0             
LS 2018C16000008031910/07/2018094900RGL5311011600108376109/07/201809/07/201809/07/201801574491Rgl/Facture 1560978 CARTED4          3315CB00    0             0560978                   0                       0                       0                       0                       0             
LS 2018C16000008031910/07/2018094900AGR4111000000108376109/07/201809/07/201809/07/201801574492Rgl/Fact  1560979        C4          2764  00    0             0560979                   0                       0                       0                       0                       0             
LS 2018C16000008031910/07/2018094900RGL5311011600108376109/07/201809/07/201809/07/201801574492Rgl/Facture 1560979 ESPECD4          2764ES00    0             0560979                   0                       0                       0                       0                       0             
LS 2018C16000008031910/07/2018094900AGR4111000000108376109/07/201809/07/201809/07/201801574493Rgl/Fact  1560980        C4           349  00    0             0560980                   0                       0                       0                       0                       0             
LS 2018C16000008031910/07/2018094900RGL5311011600108376109/07/201809/07/201809/07/201801574493Rgl/Facture 1560980 ESPECD4           349ES00    0             0560980                   0                       0                       0                       0                       0             
LS 2018C16000008031910/07/2018094900AGR4111000000108376109/07/201809/07/201809/07/201801574494Rgl/Fact  1560981        C4          4499  00    0             0560981                   0                       0                       0                       0                       0             
LS 2018C16000008031910/07/2018094900RGL5311011600108376109/07/201809/07/201809/07/201801574494Rgl/Facture 1560981 CARTED4          4499CB00    0             0560981                   0                       0                       0                       0                       0             
LS 2018C16000008031910/07/2018094900AGR4111000000108376109/07/201809/07/201809/07/201801574495Rgl/Fact  1560982        C4          1085  00    0             0560982                   0                       0                       0                       0                       0             
LS 2018C16000008031910/07/2018094900RGL5311011600108376109/07/201809/07/201809/07/201801574495Rgl/Facture 1560982 ESPECD4          1085ES00    0             0560982                   0                       0                       0                       0                       0             
LS 2018C16000008031910/07/2018094900AGR4111000000108376109/07/201809/07/201809/07/201801574496Rgl/Fact  1560983        C4          2229  00    0             0560983                   0                       0                       0                       0                       0             
LS 2018C16000008031910/07/2018094900RGL5311011600108376109/07/201809/07/201809/07/201801574496Rgl/Facture 1560983 CARTED4          2229CB00    0             0560983                   0                       0                       0                       0                       0             
LS 2018C16000008031910/07/2018094900AGR4111000000108376109/07/201809/07/201809/07/201801574497Rgl/Fact  1560984        C4          5056  00    0             0560984                   0                       0                       0                       0                       0             
LS 2018C16000008031910/07/2018094900RGL5311011600108376109/07/201809/07/201809/07/201801574497Rgl/Facture 1560984 ESPECD4          5056ES00    0             0560984                   0                       0                       0                       0                       0             
LS 2018C16000008031910/07/2018094900AGR4111000000108376109/07/201809/07/201809/07/201801574498Rgl/Fact  1560985        C4           618  00    0             0560985                   0                       0                       0                       0                       0             
LS 2018C16000008031910/07/2018094900RGL5311011600108376109/07/201809/07/201809/07/201801574498Rgl/Facture 1560985 ESPECD4           618ES00    0             0560985                   0                       0                       0                       0                       0             
LS 2018C16000008031910/07/2018094900AGR4111000000108376109/07/201809/07/201809/07/201801574499Rgl/Fact  1560986        C4           799  00    0             0560986                   0                       0                       0                       0                       0             
LS 2018C16000008031910/07/2018094900RGL5311011600108376109/07/201809/07/201809/07/201801574499Rgl/Facture 1560986 CARTED4           799CB00    0             0560986                   0                       0                       0                       0                       0             
LS 2018C16000008031910/07/2018094900AGR4111000000108376109/07/201809/07/201809/07/201801574500Rgl/Fact  1560987        C4          1999  00    0             0560987                   0                       0                       0                       0                       0             
LS 2018C16000008031910/07/2018094900RGL5311011600108376109/07/201809/07/201809/07/201801574500Rgl/Facture 1560987 CARTED4          1999CB00    0             0560987                   0                       0                       0                       0                       0             
LS 2018C16000008031910/07/2018094900AGR4111000000108376109/07/201809/07/201809/07/201801574501Rgl/Fact  1560988        C4         17099  00    0             0560988                   0                       0                       0                       0                       0             
LS 2018C16000008031910/07/2018094900RGL5311011600108376109/07/201809/07/201809/07/201801574501Rgl/Facture 1560988 CARTED4         17099CB00    0             0560988                   0                       0                       0                       0                       0             
LS 2018C16000008031910/07/2018094900AGR4111000000108376109/07/201809/07/201809/07/201801574502Rgl/Fact  1560989        C4          2449  00    0             0560989                   0                       0                       0                       0                       0             
LS 2018C16000008031910/07/2018094900RGL5311011600108376109/07/201809/07/201809/07/201801574502Rgl/Facture 1560989 CARTED4          2449CB00    0             0560989                   0                       0                       0                       0                       0             
LS 2018C16000008031910/07/2018094900AGR4111000000108376109/07/201809/07/201809/07/201801574503Rgl/Fact  1560990        C4          3990  00    0             0560990                   0                       0                       0                       0                       0             
LS 2018C16000008031910/07/2018094900RGL5311011600108376109/07/201809/07/201809/07/201801574503Rgl/Facture 1560990 CARTED4          3990CB00    0             0560990                   0                       0                       0                       0                       0             
LS 2018C16000008031910/07/2018094900AGR4111000000108376109/07/201809/07/201809/07/201801574504Rgl/Fact  1560991        C4          2780  00    0             0560991                   0                       0                       0                       0                       0             
LS 2018C16000008031910/07/2018094900RGL5311011600108376109/07/201809/07/201809/07/201801574504Rgl/Facture 1560991 CARTED4          2780CB00    0             0560991                   0                       0                       0                       0                       0             
LS 2018C16000008031910/07/2018094900AGR4111000000108376109/07/201809/07/201809/07/201801574505Rgl/Fact  1560992        C4         17089  00    0             0560992                   0                       0                       0                       0                       0             
LS 2018C16000008031910/07/2018094900RGL5311011600108376109/07/201809/07/201809/07/201801574505Rgl/Facture 1560992 CARTED4         17089CB00    0             0560992                   0                       0                       0                       0                       0             
LS 2018C16000008031910/07/2018094900AGR4111000000108376109/07/201809/07/201809/07/201801574506Rgl/Fact  1560993        C4          2498  00    0             0560993                   0                       0                       0                       0                       0             
LS 2018C16000008031910/07/2018094900RGL5311011600108376109/07/201809/07/201809/07/201801574506Rgl/Facture 1560993 CARTED4          2498CB00    0             0560993                   0                       0                       0                       0                       0             
LS 2018C16000008031910/07/2018094900AGR4111000000108376109/07/201809/07/201809/07/201801574507Rgl/Fact  1560994        C4           830  00    0             0560994                   0                       0                       0                       0                       0             
LS 2018C16000008031910/07/2018094900RGL5311011600108376109/07/201809/07/201809/07/201801574507Rgl/Facture 1560994 ESPECD4           830ES00    0             0560994                   0                       0                       0                       0                       0             
LS 2018C16000008031910/07/2018094900AGR4111000000108376109/07/201809/07/201809/07/201801574508Rgl/Fact  1560995        C4          1714  00    0             0560995                   0                       0                       0                       0                       0             
LS 2018C16000008031910/07/2018094900RGL5311011600108376109/07/201809/07/201809/07/201801574508Rgl/Facture 1560995 CARTED4          1714CB00    0             0560995                   0                       0                       0                       0                       0             
LS 2018C16000008031910/07/2018094900AGR4111000000108376109/07/201809/07/201809/07/201801574509Rgl/Fact  1560996        C4          1289  00    0             0560996                   0                       0                       0                       0                       0             
LS 2018C16000008031910/07/2018094900RGL5311011600108376109/07/201809/07/201809/07/201801574509Rgl/Facture 1560996 CARTED4          1289CB00    0             0560996                   0                       0                       0                       0                       0             
LS 2018C16000008031910/07/2018094900AGR4111000000108376109/07/201809/07/201809/07/201801574510Rgl/Fact  1560997        C4          1047  00    0             0560997                   0                       0                       0                       0                       0             
LS 2018C16000008031910/07/2018094900RGL5311011600108376109/07/201809/07/201809/07/201801574510Rgl/Facture 1560997 CARTED4          1047CB00    0             0560997                   0                       0                       0                       0                       0             
LS 2018C16000008031910/07/2018094900AGR4111000000108376109/07/201809/07/201809/07/201801574511Rgl/Fact  1560998        C4          1079  00    0             0560998                   0                       0                       0                       0                       0             
LS 2018C16000008031910/07/2018094900RGL5311011600108376109/07/201809/07/201809/07/201801574511Rgl/Facture 1560998 CARTED4          1079CB00    0             0560998                   0                       0                       0                       0                       0             
LS 2018C16000008031910/07/2018094901AGR4111000000108376109/07/201809/07/201809/07/201801574512Rgl/Fact  1560999        C4          1195  00    0             0560999                   0                       0                       0                       0                       0             
LS 2018C16000008031910/07/2018094901RGL5311011600108376109/07/201809/07/201809/07/201801574512Rgl/Facture 1560999 ESPECD4          1195ES00    0             0560999                   0                       0                       0                       0                       0             
LS 2018C16000008031910/07/2018094901AGR4111000000108376109/07/201809/07/201809/07/201801574513Rgl/Fact  1561000        C4           699  00    0             0561000                   0                       0                       0                       0                       0             
LS 2018C16000008031910/07/2018094901RGL5311011600108376109/07/201809/07/201809/07/201801574513Rgl/Facture 1561000 CARTED4           699CB00    0             0561000                   0                       0                       0                       0                       0             
LS 2018C16000008031910/07/2018094901AGR4111000000108376109/07/201809/07/201809/07/201801574514Rgl/Fact  1561001        C4          1349  00    0             0561001                   0                       0                       0                       0                       0             
LS 2018C16000008031910/07/2018094901RGL5311011600108376109/07/201809/07/201809/07/201801574514Rgl/Facture 1561001 CARTED4          1349CB00    0             0561001                   0                       0                       0                       0                       0             
LS 2018C16000008031910/07/2018094901AGR4111000000108376109/07/201809/07/201809/07/201801574515Rgl/Fact  1561002        C4         28399  00    0             0561002                   0                       0                       0                       0                       0             
LS 2018C16000008031910/07/2018094901RGL5311011600108376109/07/201809/07/201809/07/201801574515Rgl/Facture 1561002 CARTED4         28399CB00    0             0561002                   0                       0                       0                       0                       0             
LS 2018C16000008031910/07/2018094901AGR4111000000108376109/07/201809/07/201809/07/201801574516Rgl/Fact  1561003        C4          1199  00    0             0561003                   0                       0                       0                       0                       0             
LS 2018C16000008031910/07/2018094901RGL5311011600108376109/07/201809/07/201809/07/201801574516Rgl/Facture 1561003 CARTED4          1199CB00    0             0561003                   0                       0                       0                       0                       0             
LS 2018C16000008031910/07/2018094901AGR4111000000108376109/07/201809/07/201809/07/201801574517Rgl/Fact  1561004        C4          2056  00    0             0561004                   0                       0                       0                       0                       0             
LS 2018C16000008031910/07/2018094901RGL5311011600108376109/07/201809/07/201809/07/201801574517Rgl/Facture 1561004 CARTED4          2056CB00    0             0561004                   0                       0                       0                       0                       0             
LS 2018C16000008031910/07/2018094901AGR4111000000108376109/07/201809/07/201809/07/201801574518Rgl/Fact  1561005        C4           615  00    0             0561005                   0                       0                       0                       0                       0             
LS 2018C16000008031910/07/2018094901RGL5311011600108376109/07/201809/07/201809/07/201801574518Rgl/Facture 1561005 CARTED4           615CB00    0             0561005                   0                       0                       0                       0                       0             
LS 2018C16000008031910/07/2018094901AGR4111000000108376109/07/201809/07/201809/07/201801574519Rgl/Fact  1561006        C4          3096  00    0             0561006                   0                       0                       0                       0                       0             
LS 2018C16000008031910/07/2018094901RGL5311011600108376109/07/201809/07/201809/07/201801574519Rgl/Facture 1561006 CARTED4          3096CB00    0             0561006                   0                       0                       0                       0                       0             
LS 2018C16000008031910/07/2018094901AGR4111000000108376109/07/201809/07/201809/07/201801574520Rgl/Fact  1561007        C4          5730  00    0             0561007                   0                       0                       0                       0                       0             
LS 2018C16000008031910/07/2018094901RGL5311011600108376109/07/201809/07/201809/07/201801574520Rgl/Facture 1561007 CARTED4          5730CB00    0             0561007                   0                       0                       0                       0                       0             
LS 2018C16000008031910/07/2018094901AGR4111000000108376109/07/201809/07/201809/07/201801574521Rgl/Fact  1561008        C4          3597  00    0             0561008                   0                       0                       0                       0                       0             
LS 2018C16000008031910/07/2018094901RGL5311011600108376109/07/201809/07/201809/07/201801574521Rgl/Facture 1561008 CARTED4          3597CB00    0             0561008                   0                       0                       0                       0                       0             
LS 2018C16000008031910/07/2018094901AGR4111000000108376109/07/201809/07/201809/07/201801574522Rgl/Fact  1561009        C4           875  00    0             0561009                   0                       0                       0                       0                       0             
LS 2018C16000008031910/07/2018094901RGL5311011600108376109/07/201809/07/201809/07/201801574522Rgl/Facture 1561009 CARTED4           875CB00    0             0561009                   0                       0                       0                       0                       0             
LS 2018C16000008031910/07/2018094901AGR4111000000108376109/07/201809/07/201809/07/201801574523Rgl/Fact  1561010        C4          4157  00    0             0561010                   0                       0                       0                       0                       0             
LS 2018C16000008031910/07/2018094901RGL5311011600108376109/07/201809/07/201809/07/201801574523Rgl/Facture 1561010 CARTED4          4157CB00    0             0561010                   0                       0                       0                       0                       0             
LS 2018C16000008031910/07/2018094901AGR4111000000108376109/07/201809/07/201809/07/201801574524Rgl/Avoir  1561011       D4          1366  00    0             0561011                   0                       0                       0                       0                       0             
LS 2018C16000008031910/07/2018094901RGL4197000000108376109/07/201809/07/201809/07/201801574524Rgl/Facture 1561011 AVOIRC4          1366BA00    0             0561011                   0                       0                       0                       0                       0             
LS 2018C16000008031910/07/2018094901AGR4111000000108376109/07/201809/07/201809/07/201801574525Rgl/Fact  1561012        C4          2945  00    0             0561012                   0                       0                       0                       0                       0             
LS 2018C16000008031910/07/2018094901RGL5311011600108376109/07/201809/07/201809/07/201801574525Rgl/Facture 1561012 CARTED4          2945CB00    0             0561012                   0                       0                       0                       0                       0             
LS 2018C16000008031910/07/2018094901AGR4111000000108376109/07/201809/07/201809/07/201801574526Rgl/Fact  1561013        C4           447  00    0             0561013                   0                       0                       0                       0                       0             
LS 2018C16000008031910/07/2018094901RGL5311011600108376109/07/201809/07/201809/07/201801574526Rgl/Facture 1561013 CARTED4           447CB00    0             0561013                   0                       0                       0                       0                       0             
LS 2018C16000008031910/07/2018094901AGR4111000000108376109/07/201809/07/201809/07/201801574527Rgl/Fact  1561014        C4           368  00    0             0561014                   0                       0                       0                       0                       0             
LS 2018C16000008031910/07/2018094901RGL4197000000108376109/07/201809/07/201809/07/201801574527Rgl/Facture 1561011 AVOIRD4           368AV00    0             0561014                   0                       0                       0                       0                       0             
LS 2018C16000008031910/07/2018094901AGR4111000000108376109/07/201809/07/201809/07/201801574528Rgl/Fact  1561015        C4          1798  00    0             0561015                   0                       0                       0                       0                       0             
LS 2018C16000008031910/07/2018094901RGL5311011600108376109/07/201809/07/201809/07/201801574528Rgl/Facture 1561015 ESPECD4          1798ES00    0             0561015                   0                       0                       0                       0                       0             
LS 2018C16000008031910/07/2018094901AGR4111000000108376109/07/201809/07/201809/07/201801574529Rgl/Fact  1561016        C4           519  00    0             0561016                   0                       0                       0                       0                       0             
LS 2018C16000008031910/07/2018094901RGL5311011600108376109/07/201809/07/201809/07/201801574529Rgl/Facture 1561016 ESPECD4           519ES00    0             0561016                   0                       0                       0                       0                       0             
LS 2018C16000008031910/07/2018094901AGR4111000000108376109/07/201809/07/201809/07/201801574530Rgl/Fact  1561017        C4          1000  00    0             0561017                   0                       0                       0                       0                       0             
LS 2018C16000008031910/07/2018094901RGL4197000000108376109/07/201809/07/201809/07/201801574530Rgl/Facture 1561011 AVOIRD4           998AV00    0             0561017                   0                       0                       0                       0                       0             
LS 2018C16000008031910/07/2018094901RGL5311011600108376109/07/201809/07/201809/07/201801574530Rgl/Facture 1561017 ESPECD4             2ES00    0             0561017                   0                       0                       0                       0                       0             
LS 2018C16000008031910/07/2018094901AGR4111000000108376109/07/201809/07/201809/07/201801574531Rgl/Fact  1561018        C4         14093  00    0             0561018                   0                       0                       0                       0                       0             
LS 2018C16000008031910/07/2018094901RGL5311011600108376109/07/201809/07/201809/07/201801574531Rgl/Facture 1561018 CARTED4         14093CB00    0             0561018                   0                       0                       0                       0                       0             
LS 2018C16000008031910/07/2018094901AGR4111000000108376109/07/201809/07/201809/07/201801574532Rgl/Fact  1561019        C4          3199  00    0             0561019                   0                       0                       0                       0                       0             
LS 2018C16000008031910/07/2018094901RGL5311011600108376109/07/201809/07/201809/07/201801574532Rgl/Facture 1561019 CARTED4          3199CB00    0             0561019                   0                       0                       0                       0                       0             
LS 2018C16000008031910/07/2018094901AGR4111000000108376109/07/201809/07/201809/07/201801574533Rgl/Fact  1561020        C4           309  00    0             0561020                   0                       0                       0                       0                       0             
LS 2018C16000008031910/07/2018094901RGL5311011600108376109/07/201809/07/201809/07/201801574533Rgl/Facture 1561020 CARTED4           309CB00    0             0561020                   0                       0                       0                       0                       0             
LS 2018C16000008031910/07/2018094901AGR4111000000108376109/07/201809/07/201809/07/201801574534Rgl/Fact  1561021        C4          2288  00    0             0561021                   0                       0                       0                       0                       0             
LS 2018C16000008031910/07/2018094901RGL5311011600108376109/07/201809/07/201809/07/201801574534Rgl/Facture 1561021 CARTED4          2288CB00    0             0561021                   0                       0                       0                       0                       0             
LS 2018C16000008031910/07/2018094901AGR4111000000108376109/07/201809/07/201809/07/201801574535Rgl/Fact  1561022        C4          2966  00    0             0561022                   0                       0                       0                       0                       0             
LS 2018C16000008031910/07/2018094901RGL5311011600108376109/07/201809/07/201809/07/201801574535Rgl/Facture 1561022 ESPECD4           966ES00    0             0561022                   0                       0                       0                       0                       0             
LS 2018C16000008031910/07/2018094901RGL5311011600108376109/07/201809/07/201809/07/201801574535Rgl/Facture 1561022 TIR GD4          2000TG00    0             0561022                   0                       0                       0                       0                       0             
LS 2018C16000008031910/07/2018094901AGR4111000000108376109/07/201809/07/201809/07/201801574536Rgl/Fact  1561023        C4           849  00    0             0561023                   0                       0                       0                       0                       0             
LS 2018C16000008031910/07/2018094901RGL5311011600108376109/07/201809/07/201809/07/201801574536Rgl/Facture 1561023 CARTED4           849CB00    0             0561023                   0                       0                       0                       0                       0             
LS 2018C16000008031910/07/2018094901AGR4111000000108376109/07/201809/07/201809/07/201801574537Rgl/Fact  1561024        C4          1849  00    0             0561024                   0                       0                       0                       0                       0             
LS 2018C16000008031910/07/2018094901RGL5311011600108376109/07/201809/07/201809/07/201801574537Rgl/Facture 1561024 CARTED4          1849CB00    0             0561024                   0                       0                       0                       0                       0             
LS 2018C16000008031910/07/2018094901AGR4111000000108376109/07/201809/07/201809/07/201801574538Rgl/Fact  1561025        C4          3520  00    0             0561025                   0                       0                       0                       0                       0             
LS 2018C16000008031910/07/2018094901RGL5311011600108376109/07/201809/07/201809/07/201801574538Rgl/Facture 1561025 CARTED4          3520CB00    0             0561025                   0                       0                       0                       0                       0             
LS 2018C16000008031910/07/2018094901AGR4111000000108376109/07/201809/07/201809/07/201801574539Rgl/Fact  1561026        C4          1350  00    0             0561026                   0                       0                       0                       0                       0             
LS 2018C16000008031910/07/2018094901RGL5311011600108376109/07/201809/07/201809/07/201801574539Rgl/Facture 1561026 CARTED4          1350CB00    0             0561026                   0                       0                       0                       0                       0             
LS 2018C16000008031910/07/2018094901AGR4111000000108376109/07/201809/07/201809/07/201801574540Rgl/Fact  1561027        C4           689  00    0             0561027                   0                       0                       0                       0                       0             
LS 2018C16000008031910/07/2018094901RGL5311011600108376109/07/201809/07/201809/07/201801574540Rgl/Facture 1561027 ESPECD4           689ES00    0             0561027                   0                       0                       0                       0                       0             
LS 2018C16000008031910/07/2018094901AGR4111000000108376109/07/201809/07/201809/07/201801574541Rgl/Fact  1561028        C4          4566  00    0             0561028                   0                       0                       0                       0                       0             
LS 2018C16000008031910/07/2018094901RGL5311011600108376109/07/201809/07/201809/07/201801574541Rgl/Facture 1561028 CARTED4          4566CB00    0             0561028                   0                       0                       0                       0                       0             
LS 2018C16000008031910/07/2018094901AGR4111000000108376109/07/201809/07/201809/07/201801574542Rgl/Fact  1561029        C4           636  00    0             0561029                   0                       0                       0                       0                       0             
LS 2018C16000008031910/07/2018094901RGL5311011600108376109/07/201809/07/201809/07/201801574542Rgl/Facture 1561029 ESPECD4           636ES00    0             0561029                   0                       0                       0                       0                       0             
LS 2018C16000008031910/07/2018094901AGR4111000000108376109/07/201809/07/201809/07/201801574543Rgl/Fact  1561030        C4          1490  00    0             0561030                   0                       0                       0                       0                       0             
LS 2018C16000008031910/07/2018094901RGL5311011600108376109/07/201809/07/201809/07/201801574543Rgl/Facture 1561030 CARTED4          1490CB00    0             0561030                   0                       0                       0                       0                       0             
LS 2018C16000008031910/07/2018094901AGR4111000000108376109/07/201809/07/201809/07/201801574544Rgl/Fact  1561031        C4          7119  00    0             0561031                   0                       0                       0                       0                       0             
LS 2018C16000008031910/07/2018094901RGL5311011600108376109/07/201809/07/201809/07/201801574544Rgl/Facture 1561031 CARTED4          7119CB00    0             0561031                   0                       0                       0                       0                       0             
LS 2018C16000008031910/07/2018094901AGR4111000000108376109/07/201809/07/201809/07/201801574545Rgl/Fact  1561032        C4           300  00    0             0561032                   0                       0                       0                       0                       0             
LS 2018C16000008031910/07/2018094901RGL5311011600108376109/07/201809/07/201809/07/201801574545Rgl/Facture 1561032 ESPECD4           300ES00    0             0561032                   0                       0                       0                       0                       0             
LS 2018C16000008031910/07/2018094901AGR4111000000108376109/07/201809/07/201809/07/201801574546Rgl/Fact  1561033        C4          2208  00    0             0561033                   0                       0                       0                       0                       0             
LS 2018C16000008031910/07/2018094901RGL5311011600108376109/07/201809/07/201809/07/201801574546Rgl/Facture 1561033 ESPECD4          2208ES00    0             0561033                   0                       0                       0                       0                       0             
LS 2018C16000008031910/07/2018094901AGR4111000000108376109/07/201809/07/201809/07/201801574547Rgl/Fact  1561034        C4           625  00    0             0561034                   0                       0                       0                       0                       0             
LS 2018C16000008031910/07/2018094901RGL5311011600108376109/07/201809/07/201809/07/201801574547Rgl/Facture 1561034 ESPECD4           625ES00    0             0561034                   0                       0                       0                       0                       0             
LS 2018C16000008031910/07/2018094901AGR4111000000108376109/07/201809/07/201809/07/201801574548Rgl/Fact  1561035        C4          1029  00    0             0561035                   0                       0                       0                       0                       0             
LS 2018C16000008031910/07/2018094901RGL5311011600108376109/07/201809/07/201809/07/201801574548Rgl/Facture 1561035 CARTED4          1029CB00    0             0561035                   0                       0                       0                       0                       0             
LS 2018C16000008031910/07/2018094901AGR4111000000108376109/07/201809/07/201809/07/201801574549Rgl/Fact  1561036        C4           690  00    0             0561036                   0                       0                       0                       0                       0             
LS 2018C16000008031910/07/2018094901RGL5311011600108376109/07/201809/07/201809/07/201801574549Rgl/Facture 1561036 CARTED4           690CB00    0             0561036                   0                       0                       0                       0                       0             
LS 2018C16000008031910/07/2018094901AGR4111000000108376109/07/201809/07/201809/07/201801574550Rgl/Fact  1561037        C4          1348  00    0             0561037                   0                       0                       0                       0                       0             
LS 2018C16000008031910/07/2018094901RGL5311011600108376109/07/201809/07/201809/07/201801574550Rgl/Facture 1561037 CARTED4          1348CB00    0             0561037                   0                       0                       0                       0                       0             
LS 2018C16000008031910/07/2018094901AGR4111000000108376109/07/201809/07/201809/07/201801574551Rgl/Fact  1561038        C4          7987  00    0             0561038                   0                       0                       0                       0                       0             
LS 2018C16000008031910/07/2018094901RGL5311011600108376109/07/201809/07/201809/07/201801574551Rgl/Facture 1561038 CARTED4          7987CB00    0             0561038                   0                       0                       0                       0                       0             
LS 2018C16000008031910/07/2018094901AGR4111000000108376109/07/201809/07/201809/07/201801574552Rgl/Fact  1561039        C4         29577  00    0             0561039                   0                       0                       0                       0                       0             
LS 2018C16000008031910/07/2018094901RGL5311011600108376109/07/201809/07/201809/07/201801574552Rgl/Facture 1561039 CARTED4         29577CB00    0             0561039                   0                       0                       0                       0                       0             
LS 2018C16000008031910/07/2018094901AGR4111000000108376109/07/201809/07/201809/07/201801574553Rgl/Fact  1561040        C4          3545  00    0             0561040                   0                       0                       0                       0                       0             
LS 2018C16000008031910/07/2018094901RGL5311011600108376109/07/201809/07/201809/07/201801574553Rgl/Facture 1561040 CARTED4          3545CB00    0             0561040                   0                       0                       0                       0                       0             
LS 2018C16000008031910/07/2018094901AGR4111000000108376109/07/201809/07/201809/07/201801574554Rgl/Fact  1561041        C4          5990  00    0             0561041                   0                       0                       0                       0                       0             
LS 2018C16000008031910/07/2018094901RGL5311011600108376109/07/201809/07/201809/07/201801574554Rgl/Facture 1561041 CARTED4          5990CB00    0             0561041                   0                       0                       0                       0                       0             
LS 2018C16000008031910/07/2018094901AGR4111000000108376109/07/201809/07/201809/07/201801574555Rgl/Fact  1561042        C4           199  00    0             0561042                   0                       0                       0                       0                       0             
LS 2018C16000008031910/07/2018094901RGL5311011600108376109/07/201809/07/201809/07/201801574555Rgl/Facture 1561042 ESPECD4           199ES00    0             0561042                   0                       0                       0                       0                       0             
LS 2018C16000008031910/07/2018094901AGR4111000000108376109/07/201809/07/201809/07/201801574556Rgl/Fact  1561043        C4          1700  00    0             0561043                   0                       0                       0                       0                       0             
LS 2018C16000008031910/07/2018094901RGL5311011600108376109/07/201809/07/201809/07/201801574556Rgl/Facture 1561043 CARTED4          1700CB00    0             0561043                   0                       0                       0                       0                       0             
LS 2018C16000008031910/07/2018094901AGR4111000000108376109/07/201809/07/201809/07/201801574557Rgl/Fact  1561044        C4           779  00    0             0561044                   0                       0                       0                       0                       0             
LS 2018C16000008031910/07/2018094901RGL5311011600108376109/07/201809/07/201809/07/201801574557Rgl/Facture 1561044 CARTED4           779CB00    0             0561044                   0                       0                       0                       0                       0             
LS 2018C16000008031910/07/2018094901AGR4111000000108376109/07/201809/07/201809/07/201801574558Rgl/Fact  1561045        C4           499  00    0             0561045                   0                       0                       0                       0                       0             
LS 2018C16000008031910/07/2018094901RGL5311011600108376109/07/201809/07/201809/07/201801574558Rgl/Facture 1561045 ESPECD4           499ES00    0             0561045                   0                       0                       0                       0                       0             
LS 2018C16000008031910/07/2018094901AGR4111000000108376109/07/201809/07/201809/07/201801574559Rgl/Fact  1561046        C4           890  00    0             0561046                   0                       0                       0                       0                       0             
LS 2018C16000008031910/07/2018094901RGL5311011600108376109/07/201809/07/201809/07/201801574559Rgl/Facture 1561046 CARTED4           890CB00    0             0561046                   0                       0                       0                       0                       0             
LS 2018C16000008031910/07/2018094901AGR4111000000108376109/07/201809/07/201809/07/201801574560Rgl/Fact  1561047        C4           750  00    0             0561047                   0                       0                       0                       0                       0             
LS 2018C16000008031910/07/2018094901RGL5311011600108376109/07/201809/07/201809/07/201801574560Rgl/Facture 1561047 CARTED4           750CB00    0             0561047                   0                       0                       0                       0                       0             
LS 2018C16000008031910/07/2018094901AGR4111000000108376109/07/201809/07/201809/07/201801574561Rgl/Fact  1561048        C4          2939  00    0             0561048                   0                       0                       0                       0                       0             
LS 2018C16000008031910/07/2018094901RGL5311011600108376109/07/201809/07/201809/07/201801574561Rgl/Facture 1561048 ESPECD4          2939ES00    0             0561048                   0                       0                       0                       0                       0             
LS 2018C16000008031910/07/2018094901AGR4111000000108376109/07/201809/07/201809/07/201801574562Rgl/Fact  1561049        C4           648  00    0             0561049                   0                       0                       0                       0                       0             
LS 2018C16000008031910/07/2018094901RGL5311011600108376109/07/201809/07/201809/07/201801574562Rgl/Facture 1561049 ESPECD4           648ES00    0             0561049                   0                       0                       0                       0                       0             
LS 2018C16000008031910/07/2018094901AGR4111000000108376109/07/201809/07/201809/07/201801574563Rgl/Fact  1561050        C4          2385  00    0             0561050                   0                       0                       0                       0                       0             
LS 2018C16000008031910/07/2018094901RGL5311011600108376109/07/201809/07/201809/07/201801574563Rgl/Facture 1561050 CARTED4          2385CB00    0             0561050                   0                       0                       0                       0                       0             
LS 2018C16000008031910/07/2018094901AGR4111000000108376109/07/201809/07/201809/07/201801574564Rgl/Fact  1561051        C4          1858  00    0             0561051                   0                       0                       0                       0                       0             
LS 2018C16000008031910/07/2018094901RGL5311011600108376109/07/201809/07/201809/07/201801574564Rgl/Facture 1561051 CARTED4          1858CB00    0             0561051                   0                       0                       0                       0                       0             
LS 2018C16000008031910/07/2018094901AGR4111000000108376109/07/201809/07/201809/07/201801574565Rgl/Fact  1561052        C4          3699  00    0             0561052                   0                       0                       0                       0                       0             
LS 2018C16000008031910/07/2018094901RGL5311011600108376109/07/201809/07/201809/07/201801574565Rgl/Facture 1561052 CARTED4          3699CB00    0             0561052                   0                       0                       0                       0                       0             
LS 2018C16000008031910/07/2018094901AGR4111000000108376109/07/201809/07/201809/07/201801574566Rgl/Fact  1561053        C4         33915  00    0             0561053                   0                       0                       0                       0                       0             
LS 2018C16000008031910/07/2018094901RGL5311011600108376109/07/201809/07/201809/07/201801574566Rgl/Facture 1561053 CARTED4         33915CB00    0             0561053                   0                       0                       0                       0                       0             
LS 2018C16000008031910/07/2018094902AGR4111000000108376109/07/201809/07/201809/07/201801574567Rgl/Fact  1561054        C4           990  00    0             0561054                   0                       0                       0                       0                       0             
LS 2018C16000008031910/07/2018094902RGL5311011600108376109/07/201809/07/201809/07/201801574567Rgl/Facture 1561054 CARTED4           990CB00    0             0561054                   0                       0                       0                       0                       0             
LS 2018C16000008031910/07/2018094902AGR4111000000108376109/07/201809/07/201809/07/201801574568Rgl/Fact  1561055        C4          1475  00    0             0561055                   0                       0                       0                       0                       0             
LS 2018C16000008031910/07/2018094902RGL5311011600108376109/07/201809/07/201809/07/201801574568Rgl/Facture 1561055 ESPECD4          1475ES00    0             0561055                   0                       0                       0                       0                       0             
LS 2018C16000008031910/07/2018094902AGR4111000000108376109/07/201809/07/201809/07/201801574569Rgl/Fact  1561056        C4          2278  00    0             0561056                   0                       0                       0                       0                       0             
LS 2018C16000008031910/07/2018094902RGL5311011600108376109/07/201809/07/201809/07/201801574569Rgl/Facture 1561056 ESPECD4          2278ES00    0             0561056                   0                       0                       0                       0                       0             
LS 2018C16000008031910/07/2018094902AGR4111000000108376109/07/201809/07/201809/07/201801574570Rgl/Fact  1561057        C4          2499  00    0             0561057                   0                       0                       0                       0                       0             
LS 2018C16000008031910/07/2018094902RGL5311011600108376109/07/201809/07/201809/07/201801574570Rgl/Facture 1561057 CARTED4          2499CB00    0             0561057                   0                       0                       0                       0                       0             
LS 2018C16000008031910/07/2018094902AGR4111000000108376109/07/201809/07/201809/07/201801574571Rgl/Fact  1561058        C4          9302  00    0             0561058                   0                       0                       0                       0                       0             
LS 2018C16000008031910/07/2018094902RGL5311011600108376109/07/201809/07/201809/07/201801574571Rgl/Facture 1561058 CARTED4          9302CB00    0             0561058                   0                       0                       0                       0                       0             
LS 2018C16000008031910/07/2018094902AGR4111000000108376109/07/201809/07/201809/07/201801574572Rgl/Fact  1561059        C4           459  00    0             0561059                   0                       0                       0                       0                       0             
LS 2018C16000008031910/07/2018094902RGL5311011600108376109/07/201809/07/201809/07/201801574572Rgl/Facture 1561059 ESPECD4           459ES00    0             0561059                   0                       0                       0                       0                       0             
LS 2018C16000008031910/07/2018094902AGR4111000000108376109/07/201809/07/201809/07/201801574573Rgl/Fact  1561060        C4          6333  00    0             0561060                   0                       0                       0                       0                       0             
LS 2018C16000008031910/07/2018094902RGL5311011600108376109/07/201809/07/201809/07/201801574573Rgl/Facture 1561060 CARTED4          6333CB00    0             0561060                   0                       0                       0                       0                       0             
LS 2018C16000008031910/07/2018094902AGR4111000000108376109/07/201809/07/201809/07/201801574574Rgl/Fact  1561061        C4           349  00    0             0561061                   0                       0                       0                       0                       0             
LS 2018C16000008031910/07/2018094902RGL5311011600108376109/07/201809/07/201809/07/201801574574Rgl/Facture 1561061 ESPECD4           349ES00    0             0561061                   0                       0                       0                       0                       0             
LS 2018C16000008031910/07/2018094902AGR4111000000108376109/07/201809/07/201809/07/201801574575Rgl/Fact  1561062        C4          1699  00    0             0561062                   0                       0                       0                       0                       0             
LS 2018C16000008031910/07/2018094902RGL5311011600108376109/07/201809/07/201809/07/201801574575Rgl/Facture 1561062 CARTED4          1699CB00    0             0561062                   0                       0                       0                       0                       0             
LS 2018C16000008031910/07/2018094902AGR4111000000108376109/07/201809/07/201809/07/201801574576Rgl/Fact  1561063        C4          7871  00    0             0561063                   0                       0                       0                       0                       0             
LS 2018C16000008031910/07/2018094902RGL5311011600108376109/07/201809/07/201809/07/201801574576Rgl/Facture 1561063 CARTED4          7871CB00    0             0561063                   0                       0                       0                       0                       0             
LS 2018C16000008031910/07/2018094902AGR4111000000108376109/07/201809/07/201809/07/201801574577Rgl/Fact  1561064        C4          1499  00    0             0561064                   0                       0                       0                       0                       0             
LS 2018C16000008031910/07/2018094902RGL5311011600108376109/07/201809/07/201809/07/201801574577Rgl/Facture 1561064 CARTED4          1499CB00    0             0561064                   0                       0                       0                       0                       0             
LS 2018C16000008031910/07/2018094902AGR4111000000108376109/07/201809/07/201809/07/201801574578Rgl/Fact  1561065        C4           150  00    0             0561065                   0                       0                       0                       0                       0             
LS 2018C16000008031910/07/2018094902RGL5311011600108376109/07/201809/07/201809/07/201801574578Rgl/Facture 1561065 ESPECD4           150ES00    0             0561065                   0                       0                       0                       0                       0             
LS 2018C16000008031910/07/2018094902AGR4111000000108376109/07/201809/07/201809/07/201801574579Rgl/Fact  1561066        C4          1198  00    0             0561066                   0                       0                       0                       0                       0             
LS 2018C16000008031910/07/2018094902RGL5311011600108376109/07/201809/07/201809/07/201801574579Rgl/Facture 1561066 ESPECD4          1198ES00    0             0561066                   0                       0                       0                       0                       0             
LS 2018C16000008031910/07/2018094902AGR4111000000108376109/07/201809/07/201809/07/201801574580Rgl/Fact  1561067        C4          1707  00    0             0561067                   0                       0                       0                       0                       0             
LS 2018C16000008031910/07/2018094902RGL5311011600108376109/07/201809/07/201809/07/201801574580Rgl/Facture 1561067 CARTED4          1707CB00    0             0561067                   0                       0                       0                       0                       0             
LS 2018C16000008031910/07/2018094902AGR4111000000108376109/07/201809/07/201809/07/201801574581Rgl/Fact  1561068        C4          2649  00    0             0561068                   0                       0                       0                       0                       0             
LS 2018C16000008031910/07/2018094902RGL5311011600108376109/07/201809/07/201809/07/201801574581Rgl/Facture 1561068 CARTED4          2649CB00    0             0561068                   0                       0                       0                       0                       0             
LS 2018C16000008031910/07/2018094902AGR4111000000108376109/07/201809/07/201809/07/201801574582Rgl/Fact  1561069        C4          4646  00    0             0561069                   0                       0                       0                       0                       0             
LS 2018C16000008031910/07/2018094902RGL5311011600108376109/07/201809/07/201809/07/201801574582Rgl/Facture 1561069 CARTED4          4246CB00    0             0561069                   0                       0                       0                       0                       0             
LS 2018C16000008031910/07/2018094902RGL5311011600108376109/07/201809/07/201809/07/201801574582Rgl/Facture 1561069 SOGECD4           400CR00    0             0561069                   0                       0                       0                       0                       0             
LS 2018C16000008031910/07/2018094902AGR4111000000108376109/07/201809/07/201809/07/201801574583Rgl/Fact  1561070        C4          1045  00    0             0561070                   0                       0                       0                       0                       0             
LS 2018C16000008031910/07/2018094902RGL5311011600108376109/07/201809/07/201809/07/201801574583Rgl/Facture 1561070 CARTED4          1045CB00    0             0561070                   0                       0                       0                       0                       0             
LS 2018C16000008031910/07/2018094902AGR4111000000108376109/07/201809/07/201809/07/201801574584Rgl/Fact  1561071        C4          2120  00    0             0561071                   0                       0                       0                       0                       0             
LS 2018C16000008031910/07/2018094902RGL5311011600108376109/07/201809/07/201809/07/201801574584Rgl/Facture 1561071 ESPECD4          2120ES00    0             0561071                   0                       0                       0                       0                       0             
LS 2018C16000008031910/07/2018094902AGR4111000000108376109/07/201809/07/201809/07/201801574585Rgl/Fact  1561072        C4          2990  00    0             0561072                   0                       0                       0                       0                       0             
LS 2018C16000008031910/07/2018094902RGL5311011600108376109/07/201809/07/201809/07/201801574585Rgl/Facture 1561072 CARTED4          2990CB00    0             0561072                   0                       0                       0                       0                       0             
LS 2018C16000008031910/07/2018094902AGR4111000000108376109/07/201809/07/201809/07/201801574586Rgl/Fact  1561073        C4          5883  00    0             0561073                   0                       0                       0                       0                       0             
LS 2018C16000008031910/07/2018094902RGL5311011600108376109/07/201809/07/201809/07/201801574586Rgl/Facture 1561073 CARTED4          5483CB00    0             0561073                   0                       0                       0                       0                       0             
LS 2018C16000008031910/07/2018094902RGL5311011600108376109/07/201809/07/201809/07/201801574586Rgl/Facture 1561073 SOGECD4           400CR00    0             0561073                   0                       0                       0                       0                       0             
LS 2018C16000008031910/07/2018094902AGR4111000000108376109/07/201809/07/201809/07/201801574587Rgl/Fact  1561074        C4         11210  00    0             0561074                   0                       0                       0                       0                       0             
LS 2018C16000008031910/07/2018094902RGL5311011600108376109/07/201809/07/201809/07/201801574587Rgl/Facture 1561074 CARTED4         11210CB00    0             0561074                   0                       0                       0                       0                       0             
LS 2018C16000008031910/07/2018094902AGR4111000000108376109/07/201809/07/201809/07/201801574588Rgl/Fact  1561075        C4          1027  00    0             0561075                   0                       0                       0                       0                       0             
LS 2018C16000008031910/07/2018094902RGL5311011600108376109/07/201809/07/201809/07/201801574588Rgl/Facture 1561075 CARTED4          1027CB00    0             0561075                   0                       0                       0                       0                       0             
LS 2018C16000008031910/07/2018094902AGR4111000000108376109/07/201809/07/201809/07/201801574589Rgl/Fact  1561076        C4          2474  00    0             0561076                   0                       0                       0                       0                       0             
LS 2018C16000008031910/07/2018094902RGL5311011600108376109/07/201809/07/201809/07/201801574589Rgl/Facture 1561076 CARTED4          2474CB00    0             0561076                   0                       0                       0                       0                       0             
LS 2018C16000008031910/07/2018094902AGR4111000000108376109/07/201809/07/201809/07/201801574590Rgl/Fact  1561077        C4          1849  00    0             0561077                   0                       0                       0                       0                       0             
LS 2018C16000008031910/07/2018094902RGL5311011600108376109/07/201809/07/201809/07/201801574590Rgl/Facture 1561077 ESPECD4          1849ES00    0             0561077                   0                       0                       0                       0                       0             
LS 2018C16000008031910/07/2018094902AGR4111000000108376109/07/201809/07/201809/07/201801574591Rgl/Fact  1561078        C4          3374  00    0             0561078                   0                       0                       0                       0                       0             
LS 2018C16000008031910/07/2018094902RGL5311011600108376109/07/201809/07/201809/07/201801574591Rgl/Facture 1561078 ESPECD4          3374ES00    0             0561078                   0                       0                       0                       0                       0             
LS 2018C16000008031910/07/2018094902AGR5870000001083761 09/07/201809/07/201809/07/201801574594Remise TG                D4          2000  00    0             0000000                   0                       0                       0                       0                       0             
LS 2018C16000008031910/07/2018094902RGL531101160        09/07/201809/07/201809/07/201801574594Remise TG   TIR GROUPE   C4          2000TG00    0             0000000                   0                       0                       0                       0                       0             
LS 2018C16000008031910/07/2018094902AGR5840000001083761 09/07/201809/07/201809/07/201801574595Remise CR                D4           800  00    0             0000000                   0                       0                       0                       0                       0             
LS 2018C16000008031910/07/2018094902RGL531101160        09/07/201809/07/201809/07/201801574595Remise CR   SOGEC        C4           800CR00    0             0000000                   0                       0                       0                       0                       0             
LS 2018C16000008031910/07/2018094902RGL5830000001083761 09/07/201809/07/201809/07/201801574597116/Remise CB            D4        413316CB00    0             0000000                   0                       0                       0                       0                       0             
LS 2018C16000008031910/07/2018094902RGL531101160        09/07/201809/07/201809/07/201801574597116/Remise CB   CARTE    C4        413316CB00    0             0000000                   0                       0                       0                       0                       0             
