LS 2018C94000008033910/07/2018094936AGR4111000000108380709/07/201809/07/201809/07/201801113430Rgl/Fact  1100374        C4          3598  00    0             0100374                   0                       0                       0                       0                       0             
LS 2018C94000008033910/07/2018094936RGL5311039400108380709/07/201809/07/201809/07/201801113430Rgl/Facture 1100374 CARTED4          3598CB00    0             0100374                   0                       0                       0                       0                       0             
LS 2018C94000008033910/07/2018094936AGR4111000000108380709/07/201809/07/201809/07/201801113431Rgl/Fact  1100375        C4           530  00    0             0100375                   0                       0                       0                       0                       0             
LS 2018C94000008033910/07/2018094936RGL5311039400108380709/07/201809/07/201809/07/201801113431Rgl/Facture 1100375 CARTED4           530CB00    0             0100375                   0                       0                       0                       0                       0             
LS 2018C94000008033910/07/2018094936AGR4111000000108380709/07/201809/07/201809/07/201801113432Rgl/Fact  1100376        C4          1837  00    0             0100376                   0                       0                       0                       0                       0             
LS 2018C94000008033910/07/2018094936RGL5311039400108380709/07/201809/07/201809/07/201801113432Rgl/Facture 1100376 CARTED4          1837CB00    0             0100376                   0                       0                       0                       0                       0             
LS 2018C94000008033910/07/2018094936AGR4111000000108380709/07/201809/07/201809/07/201801113433Rgl/Fact  1100377        C4          2987  00    0             0100377                   0                       0                       0                       0                       0             
LS 2018C94000008033910/07/2018094936RGL5311039400108380709/07/201809/07/201809/07/201801113433Rgl/Facture 1100377 CARTED4          2987CB00    0             0100377                   0                       0                       0                       0                       0             
LS 2018C94000008033910/07/2018094936AGR4111000000108380709/07/201809/07/201809/07/201801113434Rgl/Fact  1100378        C4          1598  00    0             0100378                   0                       0                       0                       0                       0             
LS 2018C94000008033910/07/2018094936RGL5311039400108380709/07/201809/07/201809/07/201801113434Rgl/Facture 1100378 CARTED4          1598CB00    0             0100378                   0                       0                       0                       0                       0             
LS 2018C94000008033910/07/2018094936AGR4111000000108380709/07/201809/07/201809/07/201801113435Rgl/Fact  1100379        C4          1648  00    0             0100379                   0                       0                       0                       0                       0             
LS 2018C94000008033910/07/2018094936RGL5311039400108380709/07/201809/07/201809/07/201801113435Rgl/Facture 1100379 CARTED4          1648CB00    0             0100379                   0                       0                       0                       0                       0             
LS 2018C94000008033910/07/2018094936AGR4111000000108380709/07/201809/07/201809/07/201801113436Rgl/Fact  1100380        C4          3598  00    0             0100380                   0                       0                       0                       0                       0             
LS 2018C94000008033910/07/2018094936RGL5311039400108380709/07/201809/07/201809/07/201801113436Rgl/Facture 1100380 CARTED4          3598CB00    0             0100380                   0                       0                       0                       0                       0             
LS 2018C94000008033910/07/2018094936AGR4111000000108380709/07/201809/07/201809/07/201801113437Rgl/Fact  1100381        C4          2059  00    0             0100381                   0                       0                       0                       0                       0             
LS 2018C94000008033910/07/2018094936RGL5311039400108380709/07/201809/07/201809/07/201801113437Rgl/Facture 1100381 CARTED4          2059CB00    0             0100381                   0                       0                       0                       0                       0             
LS 2018C94000008033910/07/2018094936AGR4111000000108380709/07/201809/07/201809/07/201801113438Rgl/Fact  1100382        C4          1197  00    0             0100382                   0                       0                       0                       0                       0             
LS 2018C94000008033910/07/2018094936RGL5311039400108380709/07/201809/07/201809/07/201801113438Rgl/Facture 1100382 CARTED4          1197CB00    0             0100382                   0                       0                       0                       0                       0             
LS 2018C94000008033910/07/2018094936AGR4111000000108380709/07/201809/07/201809/07/201801113439Rgl/Fact  1100383        C4           570  00    0             0100383                   0                       0                       0                       0                       0             
LS 2018C94000008033910/07/2018094936RGL5311039400108380709/07/201809/07/201809/07/201801113439Rgl/Facture 1100383 ESPECD4           570ES00    0             0100383                   0                       0                       0                       0                       0             
LS 2018C94000008033910/07/2018094936AGR4111000000108380709/07/201809/07/201809/07/201801113440Rgl/Fact  1100384        C4           990  00    0             0100384                   0                       0                       0                       0                       0             
LS 2018C94000008033910/07/2018094936RGL5311039400108380709/07/201809/07/201809/07/201801113440Rgl/Facture 1100384 ESPECD4           990ES00    0             0100384                   0                       0                       0                       0                       0             
LS 2018C94000008033910/07/2018094936AGR4111000000108380709/07/201809/07/201809/07/201801113441Rgl/Fact  1100385        C4           599  00    0             0100385                   0                       0                       0                       0                       0             
LS 2018C94000008033910/07/2018094936RGL5311039400108380709/07/201809/07/201809/07/201801113441Rgl/Facture 1100385 CARTED4           599CB00    0             0100385                   0                       0                       0                       0                       0             
LS 2018C94000008033910/07/2018094936AGR4111000000108380709/07/201809/07/201809/07/201801113442Rgl/Fact  1100386        C4          7125  00    0             0100386                   0                       0                       0                       0                       0             
LS 2018C94000008033910/07/2018094936RGL5311039400108380709/07/201809/07/201809/07/201801113442Rgl/Facture 1100386 CARTED4          7125CB00    0             0100386                   0                       0                       0                       0                       0             
LS 2018C94000008033910/07/2018094937AGR4111000000108380709/07/201809/07/201809/07/201801113443Rgl/Fact  1100387        C4           899  00    0             0100387                   0                       0                       0                       0                       0             
LS 2018C94000008033910/07/2018094937RGL5311039400108380709/07/201809/07/201809/07/201801113443Rgl/Facture 1100387 ESPECD4           899ES00    0             0100387                   0                       0                       0                       0                       0             
LS 2018C94000008033910/07/2018094937AGR4111000000108380709/07/201809/07/201809/07/201801113444Rgl/Fact  1100388        C4          2199  00    0             0100388                   0                       0                       0                       0                       0             
LS 2018C94000008033910/07/2018094937RGL5311039400108380709/07/201809/07/201809/07/201801113444Rgl/Facture 1100388 CARTED4          2199CB00    0             0100388                   0                       0                       0                       0                       0             
LS 2018C94000008033910/07/2018094937AGR4111000000108380709/07/201809/07/201809/07/201801113445Rgl/Fact  1100389        C4          1229  00    0             0100389                   0                       0                       0                       0                       0             
LS 2018C94000008033910/07/2018094937RGL5311039400108380709/07/201809/07/201809/07/201801113445Rgl/Facture 1100389 ESPECD4          1229ES00    0             0100389                   0                       0                       0                       0                       0             
LS 2018C94000008033910/07/2018094937AGR4111000000108380709/07/201809/07/201809/07/201801113446Rgl/Fact  1100390        C4          1097  00    0             0100390                   0                       0                       0                       0                       0             
LS 2018C94000008033910/07/2018094937RGL5311039400108380709/07/201809/07/201809/07/201801113446Rgl/Facture 1100390 ESPECD4          1097ES00    0             0100390                   0                       0                       0                       0                       0             
LS 2018C94000008033910/07/2018094937AGR4111000000108380709/07/201809/07/201809/07/201801113447Rgl/Fact  1100391        C4          5614  00    0             0100391                   0                       0                       0                       0                       0             
LS 2018C94000008033910/07/2018094937RGL5311039400108380709/07/201809/07/201809/07/201801113447Rgl/Facture 1100391 CARTED4          5614CB00    0             0100391                   0                       0                       0                       0                       0             
LS 2018C94000008033910/07/2018094937AGR4111000000108380709/07/201809/07/201809/07/201801113448Rgl/Fact  1100392        C4           899  00    0             0100392                   0                       0                       0                       0                       0             
LS 2018C94000008033910/07/2018094937RGL5311039400108380709/07/201809/07/201809/07/201801113448Rgl/Facture 1100392 ESPECD4           899ES00    0             0100392                   0                       0                       0                       0                       0             
LS 2018C94000008033910/07/2018094937AGR4111000000108380709/07/201809/07/201809/07/201801113449Rgl/Fact  1100393        C4          1085  00    0             0100393                   0                       0                       0                       0                       0             
LS 2018C94000008033910/07/2018094937RGL5311039400108380709/07/201809/07/201809/07/201801113449Rgl/Facture 1100393 ESPECD4          1085ES00    0             0100393                   0                       0                       0                       0                       0             
LS 2018C94000008033910/07/2018094937AGR4111000000108380709/07/201809/07/201809/07/201801113450Rgl/Fact  1100394        C4          4095  00    0             0100394                   0                       0                       0                       0                       0             
LS 2018C94000008033910/07/2018094937RGL5311039400108380709/07/201809/07/201809/07/201801113450Rgl/Facture 1100394 ESPECD4          4095ES00    0             0100394                   0                       0                       0                       0                       0             
LS 2018C94000008033910/07/2018094937AGR4111000000108380709/07/201809/07/201809/07/201801113451Rgl/Fact  1100395        C4           990  00    0             0100395                   0                       0                       0                       0                       0             
LS 2018C94000008033910/07/2018094937RGL5311039400108380709/07/201809/07/201809/07/201801113451Rgl/Facture 1100395 ESPECD4           990ES00    0             0100395                   0                       0                       0                       0                       0             
LS 2018C94000008033910/07/2018094937AGR4111000000108380709/07/201809/07/201809/07/201801113452Rgl/Fact  1100396        C4          2699  00    0             0100396                   0                       0                       0                       0                       0             
LS 2018C94000008033910/07/2018094937RGL5311039400108380709/07/201809/07/201809/07/201801113452Rgl/Facture 1100396 CARTED4          2699CB00    0             0100396                   0                       0                       0                       0                       0             
LS 2018C94000008033910/07/2018094937AGR4111000000108380709/07/201809/07/201809/07/201801113453Rgl/Fact  1100397        C4           689  00    0             0100397                   0                       0                       0                       0                       0             
LS 2018C94000008033910/07/2018094937RGL5311039400108380709/07/201809/07/201809/07/201801113453Rgl/Facture 1100397 ESPECD4           689ES00    0             0100397                   0                       0                       0                       0                       0             
LS 2018C94000008033910/07/2018094937AGR4111000000108380709/07/201809/07/201809/07/201801113454Rgl/Fact  1100398        C4          5509  00    0             0100398                   0                       0                       0                       0                       0             
LS 2018C94000008033910/07/2018094937RGL5311039400108380709/07/201809/07/201809/07/201801113454Rgl/Facture 1100398 CARTED4          5509CB00    0             0100398                   0                       0                       0                       0                       0             
LS 2018C94000008033910/07/2018094937AGR4111000000108380709/07/201809/07/201809/07/201801113455Rgl/Fact  1100399        C4          9495  00    0             0100399                   0                       0                       0                       0                       0             
LS 2018C94000008033910/07/2018094937RGL5311039400108380709/07/201809/07/201809/07/201801113455Rgl/Facture 1100399 CARTED4          9495CB00    0             0100399                   0                       0                       0                       0                       0             
LS 2018C94000008033910/07/2018094937AGR4111000000108380709/07/201809/07/201809/07/201801113456Rgl/Fact  1100400        C4           749  00    0             0100400                   0                       0                       0                       0                       0             
LS 2018C94000008033910/07/2018094937RGL5311039400108380709/07/201809/07/201809/07/201801113456Rgl/Facture 1100400 CARTED4           749CB00    0             0100400                   0                       0                       0                       0                       0             
LS 2018C94000008033910/07/2018094937AGR4111000000108380709/07/201809/07/201809/07/201801113457Rgl/Fact  1100401        C4          3398  00    0             0100401                   0                       0                       0                       0                       0             
LS 2018C94000008033910/07/2018094937RGL5311039400108380709/07/201809/07/201809/07/201801113457Rgl/Facture 1100401 CARTED4          3398CB00    0             0100401                   0                       0                       0                       0                       0             
LS 2018C94000008033910/07/2018094937AGR4111000000108380709/07/201809/07/201809/07/201801113459Rgl/Fact  1100403        C4           599  00    0             0100403                   0                       0                       0                       0                       0             
LS 2018C94000008033910/07/2018094937RGL5311039400108380709/07/201809/07/201809/07/201801113459Rgl/Facture 1100403 ESPECD4           599ES00    0             0100403                   0                       0                       0                       0                       0             
LS 2018C94000008033910/07/2018094937AGR4111000000108380709/07/201809/07/201809/07/201801113460Rgl/Fact  1100404        C4          1158  00    0             0100404                   0                       0                       0                       0                       0             
LS 2018C94000008033910/07/2018094937RGL5311039400108380709/07/201809/07/201809/07/201801113460Rgl/Facture 1100404 ESPECD4          1158ES00    0             0100404                   0                       0                       0                       0                       0             
LS 2018C94000008033910/07/2018094937AGR4111000000108380709/07/201809/07/201809/07/201801113461Rgl/Fact  1100405        C4          3709  00    0             0100405                   0                       0                       0                       0                       0             
LS 2018C94000008033910/07/2018094937RGL5311039400108380709/07/201809/07/201809/07/201801113461Rgl/Facture 1100405 CARTED4          3709CB00    0             0100405                   0                       0                       0                       0                       0             
LS 2018C94000008033910/07/2018094937AGR4111000000108380709/07/201809/07/201809/07/201801113462Rgl/Fact  1100406        C4           799  00    0             0100406                   0                       0                       0                       0                       0             
LS 2018C94000008033910/07/2018094937RGL5311039400108380709/07/201809/07/201809/07/201801113462Rgl/Facture 1100406 ESPECD4           799ES00    0             0100406                   0                       0                       0                       0                       0             
LS 2018C94000008033910/07/2018094937AGR4111000000108380709/07/201809/07/201809/07/201801113463Rgl/Fact  1100407        C4          3173  00    0             0100407                   0                       0                       0                       0                       0             
LS 2018C94000008033910/07/2018094937RGL5311039400108380709/07/201809/07/201809/07/201801113463Rgl/Facture 1100407 ESPECD4          3173ES00    0             0100407                   0                       0                       0                       0                       0             
LS 2018C94000008033910/07/2018094937AGR4111000000108380709/07/201809/07/201809/07/201801113464Rgl/Fact  1100408        C4          5119  00    0             0100408                   0                       0                       0                       0                       0             
LS 2018C94000008033910/07/2018094937RGL5311039400108380709/07/201809/07/201809/07/201801113464Rgl/Facture 1100408 CARTED4          5119CB00    0             0100408                   0                       0                       0                       0                       0             
LS 2018C94000008033910/07/2018094937AGR4111000000108380709/07/201809/07/201809/07/201801113465Rgl/Fact  1100409        C4           999  00    0             0100409                   0                       0                       0                       0                       0             
LS 2018C94000008033910/07/2018094937RGL5311039400108380709/07/201809/07/201809/07/201801113465Rgl/Facture 1100409 CARTED4           999CB00    0             0100409                   0                       0                       0                       0                       0             
LS 2018C94000008033910/07/2018094937AGR4111000000108380709/07/201809/07/201809/07/201801113466Rgl/Fact  1100410        C4           370  00    0             0100410                   0                       0                       0                       0                       0             
LS 2018C94000008033910/07/2018094937RGL5311039400108380709/07/201809/07/201809/07/201801113466Rgl/Facture 1100410 ESPECD4           370ES00    0             0100410                   0                       0                       0                       0                       0             
LS 2018C94000008033910/07/2018094937AGR4111000000108380709/07/201809/07/201809/07/201801113467Rgl/Fact  1100411        C4          1297  00    0             0100411                   0                       0                       0                       0                       0             
LS 2018C94000008033910/07/2018094937RGL5311039400108380709/07/201809/07/201809/07/201801113467Rgl/Facture 1100411 ESPECD4          1297ES00    0             0100411                   0                       0                       0                       0                       0             
LS 2018C94000008033910/07/2018094937AGR4111000000108380709/07/201809/07/201809/07/201801113468Rgl/Fact  1100412        C4          2095  00    0             0100412                   0                       0                       0                       0                       0             
LS 2018C94000008033910/07/2018094937RGL5311039400108380709/07/201809/07/201809/07/201801113468Rgl/Facture 1100412 CARTED4          2095CB00    0             0100412                   0                       0                       0                       0                       0             
LS 2018C94000008033910/07/2018094937AGR4111000000108380709/07/201809/07/201809/07/201801113469Rgl/Avoir  1100413       D4          1855  00    0             0100413                   0                       0                       0                       0                       0             
LS 2018C94000008033910/07/2018094937RGL5311039400108380709/07/201809/07/201809/07/201801113469Rgl/Facture 1100413 CARTEC4          1855CB00    0             0100413                   0                       0                       0                       0                       0             
LS 2018C94000008033910/07/2018094937AGR4111000000108380709/07/201809/07/201809/07/201801113470Rgl/Fact  1100414        C4          2157  00    0             0100414                   0                       0                       0                       0                       0             
LS 2018C94000008033910/07/2018094937RGL5311039400108380709/07/201809/07/201809/07/201801113470Rgl/Facture 1100414 CARTED4          2157CB00    0             0100414                   0                       0                       0                       0                       0             
LS 2018C94000008033910/07/2018094937AGR4111000000108380709/07/201809/07/201809/07/201801113471Rgl/Fact  1100415        C4           669  00    0             0100415                   0                       0                       0                       0                       0             
LS 2018C94000008033910/07/2018094937RGL5311039400108380709/07/201809/07/201809/07/201801113471Rgl/Facture 1100415 ESPECD4           669ES00    0             0100415                   0                       0                       0                       0                       0             
LS 2018C94000008033910/07/2018094937AGR4111000000108380709/07/201809/07/201809/07/201801113472Rgl/Fact  1100416        C4          1299  00    0             0100416                   0                       0                       0                       0                       0             
LS 2018C94000008033910/07/2018094937RGL5311039400108380709/07/201809/07/201809/07/201801113472Rgl/Facture 1100416 CARTED4          1299CB00    0             0100416                   0                       0                       0                       0                       0             
LS 2018C94000008033910/07/2018094937AGR4111000000108380709/07/201809/07/201809/07/201801113473Rgl/Fact  1100417        C4          2780  00    0             0100417                   0                       0                       0                       0                       0             
LS 2018C94000008033910/07/2018094937RGL5311039400108380709/07/201809/07/201809/07/201801113473Rgl/Facture 1100417 CARTED4          2780CB00    0             0100417                   0                       0                       0                       0                       0             
LS 2018C94000008033910/07/2018094937AGR4111000000108380709/07/201809/07/201809/07/201801113474Rgl/Fact  1100418        C4          3575  00    0             0100418                   0                       0                       0                       0                       0             
LS 2018C94000008033910/07/2018094937RGL5311039400108380709/07/201809/07/201809/07/201801113474Rgl/Facture 1100418 CARTED4          3575CB00    0             0100418                   0                       0                       0                       0                       0             
LS 2018C94000008033910/07/2018094937AGR4111000000108380709/07/201809/07/201809/07/201801113475Rgl/Fact  1100419        C4          6678  00    0             0100419                   0                       0                       0                       0                       0             
LS 2018C94000008033910/07/2018094937RGL5311039400108380709/07/201809/07/201809/07/201801113475Rgl/Facture 1100419 ESPECD4          6678ES00    0             0100419                   0                       0                       0                       0                       0             
LS 2018C94000008033910/07/2018094937AGR4111000000108380709/07/201809/07/201809/07/201801113476Rgl/Fact  1100420        C4          2843  00    0             0100420                   0                       0                       0                       0                       0             
LS 2018C94000008033910/07/2018094937RGL5311039400108380709/07/201809/07/201809/07/201801113476Rgl/Facture 1100420 CARTED4          2843CB00    0             0100420                   0                       0                       0                       0                       0             
LS 2018C94000008033910/07/2018094937AGR4111000000108380709/07/201809/07/201809/07/201801113477Rgl/Fact  1100421        C4           997  00    0             0100421                   0                       0                       0                       0                       0             
LS 2018C94000008033910/07/2018094937RGL5311039400108380709/07/201809/07/201809/07/201801113477Rgl/Facture 1100421 ESPECD4           997ES00    0             0100421                   0                       0                       0                       0                       0             
LS 2018C94000008033910/07/2018094937AGR4111000000108380709/07/201809/07/201809/07/201801113478Rgl/Fact  1100422        C4          1348  00    0             0100422                   0                       0                       0                       0                       0             
LS 2018C94000008033910/07/2018094937RGL5311039400108380709/07/201809/07/201809/07/201801113478Rgl/Facture 1100422 ESPECD4          1348ES00    0             0100422                   0                       0                       0                       0                       0             
LS 2018C94000008033910/07/2018094937AGR4111000000108380709/07/201809/07/201809/07/201801113479Rgl/Fact  1100423        C4          2957  00    0             0100423                   0                       0                       0                       0                       0             
LS 2018C94000008033910/07/2018094937RGL5311039400108380709/07/201809/07/201809/07/201801113479Rgl/Facture 1100423 CARTED4          2957CB00    0             0100423                   0                       0                       0                       0                       0             
LS 2018C94000008033910/07/2018094937AGR4111000000108380709/07/201809/07/201809/07/201801113480Rgl/Fact  1100424        C4          4050  00    0             0100424                   0                       0                       0                       0                       0             
LS 2018C94000008033910/07/2018094937RGL5311039400108380709/07/201809/07/201809/07/201801113480Rgl/Facture 1100424 CARTED4          4050CB00    0             0100424                   0                       0                       0                       0                       0             
LS 2018C94000008033910/07/2018094937AGR4111000000108380709/07/201809/07/201809/07/201801113481Rgl/Fact  1100425        C4          3658  00    0             0100425                   0                       0                       0                       0                       0             
LS 2018C94000008033910/07/2018094937RGL5311039400108380709/07/201809/07/201809/07/201801113481Rgl/Facture 1100425 ESPECD4          3658ES00    0             0100425                   0                       0                       0                       0                       0             
LS 2018C94000008033910/07/2018094937AGR4111000000108380709/07/201809/07/201809/07/201801113482Rgl/Fact  1100426        C4          4689  00    0             0100426                   0                       0                       0                       0                       0             
LS 2018C94000008033910/07/2018094937RGL5311039400108380709/07/201809/07/201809/07/201801113482Rgl/Facture 1100426 CARTED4          4689CB00    0             0100426                   0                       0                       0                       0                       0             
LS 2018C94000008033910/07/2018094937AGR4111000000108380709/07/201809/07/201809/07/201801113483Rgl/Fact  1100427        C4          1948  00    0             0100427                   0                       0                       0                       0                       0             
LS 2018C94000008033910/07/2018094937RGL5311039400108380709/07/201809/07/201809/07/201801113483Rgl/Facture 1100427 CARTED4          1948CB00    0             0100427                   0                       0                       0                       0                       0             
LS 2018C94000008033910/07/2018094937AGR4111000000108380709/07/201809/07/201809/07/201801113484Rgl/Fact  1100428        C4          2606  00    0             0100428                   0                       0                       0                       0                       0             
LS 2018C94000008033910/07/2018094937RGL5311039400108380709/07/201809/07/201809/07/201801113484Rgl/Facture 1100428 ESPECD4          2606ES00    0             0100428                   0                       0                       0                       0                       0             
LS 2018C94000008033910/07/2018094937AGR4111000000108380709/07/201809/07/201809/07/201801113485Rgl/Fact  1100429        C4           949  00    0             0100429                   0                       0                       0                       0                       0             
LS 2018C94000008033910/07/2018094937RGL5311039400108380709/07/201809/07/201809/07/201801113485Rgl/Facture 1100429 ESPECD4           949ES00    0             0100429                   0                       0                       0                       0                       0             
LS 2018C94000008033910/07/2018094937AGR4111000000108380709/07/201809/07/201809/07/201801113486Rgl/Fact  1100430        C4          2936  00    0             0100430                   0                       0                       0                       0                       0             
LS 2018C94000008033910/07/2018094937RGL5311039400108380709/07/201809/07/201809/07/201801113486Rgl/Facture 1100430 ESPECD4          2936ES00    0             0100430                   0                       0                       0                       0                       0             
LS 2018C94000008033910/07/2018094937AGR4111000000108380709/07/201809/07/201809/07/201801113487Rgl/Fact  1100431        C4           899  00    0             0100431                   0                       0                       0                       0                       0             
LS 2018C94000008033910/07/2018094937RGL5311039400108380709/07/201809/07/201809/07/201801113487Rgl/Facture 1100431 CARTED4           899CB00    0             0100431                   0                       0                       0                       0                       0             
LS 2018C94000008033910/07/2018094937AGR4111000000108380709/07/201809/07/201809/07/201801113488Rgl/Fact  1100432        C4          6297  00    0             0100432                   0                       0                       0                       0                       0             
LS 2018C94000008033910/07/2018094937RGL5311039400108380709/07/201809/07/201809/07/201801113488Rgl/Facture 1100432 CARTED4          6297CB00    0             0100432                   0                       0                       0                       0                       0             
LS 2018C94000008033910/07/2018094937AGR4111000000108380709/07/201809/07/201809/07/201801113489Rgl/Fact  1100433        C4          4445  00    0             0100433                   0                       0                       0                       0                       0             
LS 2018C94000008033910/07/2018094937RGL5311039400108380709/07/201809/07/201809/07/201801113489Rgl/Facture 1100433 CARTED4          4445CB00    0             0100433                   0                       0                       0                       0                       0             
LS 2018C94000008033910/07/2018094937AGR4111000000108380709/07/201809/07/201809/07/201801113490Rgl/Fact  1100434        C4           649  00    0             0100434                   0                       0                       0                       0                       0             
LS 2018C94000008033910/07/2018094937RGL5311039400108380709/07/201809/07/201809/07/201801113490Rgl/Facture 1100434 CARTED4           649CB00    0             0100434                   0                       0                       0                       0                       0             
LS 2018C94000008033910/07/2018094937AGR4111000000108380709/07/201809/07/201809/07/201801113491Rgl/Fact  1100435        C4          2565  00    0             0100435                   0                       0                       0                       0                       0             
LS 2018C94000008033910/07/2018094937RGL5311039400108380709/07/201809/07/201809/07/201801113491Rgl/Facture 1100435 CARTED4          2565CB00    0             0100435                   0                       0                       0                       0                       0             
LS 2018C94000008033910/07/2018094937AGR4111000000108380709/07/201809/07/201809/07/201801113492Rgl/Fact  1100436        C4          2436  00    0             0100436                   0                       0                       0                       0                       0             
LS 2018C94000008033910/07/2018094937RGL5311039400108380709/07/201809/07/201809/07/201801113492Rgl/Facture 1100436 CARTED4          2436CB00    0             0100436                   0                       0                       0                       0                       0             
LS 2018C94000008033910/07/2018094937AGR4111000000108380709/07/201809/07/201809/07/201801113493Rgl/Fact  1100437        C4          3350  00    0             0100437                   0                       0                       0                       0                       0             
LS 2018C94000008033910/07/2018094937RGL5311039400108380709/07/201809/07/201809/07/201801113493Rgl/Facture 1100437 CARTED4          3350CB00    0             0100437                   0                       0                       0                       0                       0             
LS 2018C94000008033910/07/2018094937AGR4111000000108380709/07/201809/07/201809/07/201801113494Rgl/Fact  1100438        C4         17909  00    0             0100438                   0                       0                       0                       0                       0             
LS 2018C94000008033910/07/2018094937RGL5311039400108380709/07/201809/07/201809/07/201801113494Rgl/Facture 1100438 CARTED4         17909CB00    0             0100438                   0                       0                       0                       0                       0             
LS 2018C94000008033910/07/2018094937AGR4111000000108380709/07/201809/07/201809/07/201801113495Rgl/Fact  1100439        C4          2893  00    0             0100439                   0                       0                       0                       0                       0             
LS 2018C94000008033910/07/2018094937RGL5311039400108380709/07/201809/07/201809/07/201801113495Rgl/Facture 1100439 ESPECD4          2893ES00    0             0100439                   0                       0                       0                       0                       0             
LS 2018C94000008033910/07/2018094937AGR4111000000108380709/07/201809/07/201809/07/201801113496Rgl/Fact  1100440        C4          1909  00    0             0100440                   0                       0                       0                       0                       0             
LS 2018C94000008033910/07/2018094937RGL5311039400108380709/07/201809/07/201809/07/201801113496Rgl/Facture 1100440 ESPECD4          1909ES00    0             0100440                   0                       0                       0                       0                       0             
LS 2018C94000008033910/07/2018094937AGR4111000000108380709/07/201809/07/201809/07/201801113497Rgl/Fact  1100441        C4          4993  00    0             0100441                   0                       0                       0                       0                       0             
LS 2018C94000008033910/07/2018094937RGL5311039400108380709/07/201809/07/201809/07/201801113497Rgl/Facture 1100441 CARTED4          4993CB00    0             0100441                   0                       0                       0                       0                       0             
LS 2018C94000008033910/07/2018094937AGR4111000000108380709/07/201809/07/201809/07/201801113498Rgl/Fact  1100442        C4          1395  00    0             0100442                   0                       0                       0                       0                       0             
LS 2018C94000008033910/07/2018094937RGL5311039400108380709/07/201809/07/201809/07/201801113498Rgl/Facture 1100442 ESPECD4          1395ES00    0             0100442                   0                       0                       0                       0                       0             
LS 2018C94000008033910/07/2018094937AGR4111000000108380709/07/201809/07/201809/07/201801113499Rgl/Fact  1100443        C4          3891  00    0             0100443                   0                       0                       0                       0                       0             
LS 2018C94000008033910/07/2018094937RGL5311039400108380709/07/201809/07/201809/07/201801113499Rgl/Facture 1100443 CARTED4          3891CB00    0             0100443                   0                       0                       0                       0                       0             
LS 2018C94000008033910/07/2018094937AGR4111000000108380709/07/201809/07/201809/07/201801113500Rgl/Fact  1100444        C4          6552  00    0             0100444                   0                       0                       0                       0                       0             
LS 2018C94000008033910/07/2018094937RGL5311039400108380709/07/201809/07/201809/07/201801113500Rgl/Facture 1100444 CARTED4          6552CB00    0             0100444                   0                       0                       0                       0                       0             
LS 2018C94000008033910/07/2018094937AGR4111000000108380709/07/201809/07/201809/07/201801113501Rgl/Fact  1100445        C4           799  00    0             0100445                   0                       0                       0                       0                       0             
LS 2018C94000008033910/07/2018094937RGL5311039400108380709/07/201809/07/201809/07/201801113501Rgl/Facture 1100445 ESPECD4           799ES00    0             0100445                   0                       0                       0                       0                       0             
LS 2018C94000008033910/07/2018094937AGR4111000000108380709/07/201809/07/201809/07/201801113502Rgl/Fact  1100446        C4          5637  00    0             0100446                   0                       0                       0                       0                       0             
LS 2018C94000008033910/07/2018094937RGL5311039400108380709/07/201809/07/201809/07/201801113502Rgl/Facture 1100446 CARTED4          5637CB00    0             0100446                   0                       0                       0                       0                       0             
LS 2018C94000008033910/07/2018094937AGR4111000000108380709/07/201809/07/201809/07/201801113503Rgl/Fact  1100447        C4          1048  00    0             0100447                   0                       0                       0                       0                       0             
LS 2018C94000008033910/07/2018094937RGL5311039400108380709/07/201809/07/201809/07/201801113503Rgl/Facture 1100447 CARTED4          1048CB00    0             0100447                   0                       0                       0                       0                       0             
LS 2018C94000008033910/07/2018094938AGR4111000000108380709/07/201809/07/201809/07/201801113504Rgl/Fact  1100448        C4          1160  00    0             0100448                   0                       0                       0                       0                       0             
LS 2018C94000008033910/07/2018094938RGL5311039400108380709/07/201809/07/201809/07/201801113504Rgl/Facture 1100448 CARTED4          1160CB00    0             0100448                   0                       0                       0                       0                       0             
LS 2018C94000008033910/07/2018094938AGR4111000000108380709/07/201809/07/201809/07/201801113505Rgl/Fact  1100449        C4          1797  00    0             0100449                   0                       0                       0                       0                       0             
LS 2018C94000008033910/07/2018094938RGL5311039400108380709/07/201809/07/201809/07/201801113505Rgl/Facture 1100449 CARTED4          1797CB00    0             0100449                   0                       0                       0                       0                       0             
LS 2018C94000008033910/07/2018094938AGR4111000000108380709/07/201809/07/201809/07/201801113506Rgl/Fact  1100450        C4          1450  00    0             0100450                   0                       0                       0                       0                       0             
LS 2018C94000008033910/07/2018094938RGL5311039400108380709/07/201809/07/201809/07/201801113506Rgl/Facture 1100450 CARTED4          1450CB00    0             0100450                   0                       0                       0                       0                       0             
LS 2018C94000008033910/07/2018094938AGR4111000000108380709/07/201809/07/201809/07/201801113507Rgl/Fact  1100451        C4         10416  00    0             0100451                   0                       0                       0                       0                       0             
LS 2018C94000008033910/07/2018094938RGL5311039400108380709/07/201809/07/201809/07/201801113507Rgl/Facture 1100451 CARTED4         10416CB00    0             0100451                   0                       0                       0                       0                       0             
LS 2018C94000008033910/07/2018094938AGR4111000000108380709/07/201809/07/201809/07/201801113508Rgl/Fact  1100452        C4          4633  00    0             0100452                   0                       0                       0                       0                       0             
LS 2018C94000008033910/07/2018094938RGL5311039400108380709/07/201809/07/201809/07/201801113508Rgl/Facture 1100452 CARTED4          4633CB00    0             0100452                   0                       0                       0                       0                       0             
LS 2018C94000008033910/07/2018094938AGR4111000000108380709/07/201809/07/201809/07/201801113509Rgl/Fact  1100453        C4           559  00    0             0100453                   0                       0                       0                       0                       0             
LS 2018C94000008033910/07/2018094938RGL5311039400108380709/07/201809/07/201809/07/201801113509Rgl/Facture 1100453 CARTED4           559CB00    0             0100453                   0                       0                       0                       0                       0             
LS 2018C94000008033910/07/2018094938AGR4111000000108380709/07/201809/07/201809/07/201801113510Rgl/Fact  1100454        C4          1196  00    0             0100454                   0                       0                       0                       0                       0             
LS 2018C94000008033910/07/2018094938RGL5311039400108380709/07/201809/07/201809/07/201801113510Rgl/Facture 1100454 ESPECD4          1196ES00    0             0100454                   0                       0                       0                       0                       0             
LS 2018C94000008033910/07/2018094938AGR4111000000108380709/07/201809/07/201809/07/201801113511Rgl/Fact  1100455        C4          2128  00    0             0100455                   0                       0                       0                       0                       0             
LS 2018C94000008033910/07/2018094938RGL5311039400108380709/07/201809/07/201809/07/201801113511Rgl/Facture 1100455 CARTED4          2128CB00    0             0100455                   0                       0                       0                       0                       0             
LS 2018C94000008033910/07/2018094938AGR4111000000108380709/07/201809/07/201809/07/201801113512Rgl/Fact  1100456        C4          2299  00    0             0100456                   0                       0                       0                       0                       0             
LS 2018C94000008033910/07/2018094938RGL5311039400108380709/07/201809/07/201809/07/201801113512Rgl/Facture 1100456 CARTED4          2299CB00    0             0100456                   0                       0                       0                       0                       0             
LS 2018C94000008033910/07/2018094938AGR4111000000108380709/07/201809/07/201809/07/201801113513Rgl/Fact  1100457        C4           650  00    0             0100457                   0                       0                       0                       0                       0             
LS 2018C94000008033910/07/2018094938RGL5311039400108380709/07/201809/07/201809/07/201801113513Rgl/Facture 1100457 ESPECD4           650ES00    0             0100457                   0                       0                       0                       0                       0             
LS 2018C94000008033910/07/2018094938AGR4111000000108380709/07/201809/07/201809/07/201801113514Rgl/Fact  1100458        C4          2648  00    0             0100458                   0                       0                       0                       0                       0             
LS 2018C94000008033910/07/2018094938RGL5311039400108380709/07/201809/07/201809/07/201801113514Rgl/Facture 1100458 CARTED4          2648CB00    0             0100458                   0                       0                       0                       0                       0             
LS 2018C94000008033910/07/2018094938AGR4111000000108380709/07/201809/07/201809/07/201801113515Rgl/Fact  1100459        C4          2798  00    0             0100459                   0                       0                       0                       0                       0             
LS 2018C94000008033910/07/2018094938RGL5311039400108380709/07/201809/07/201809/07/201801113515Rgl/Facture 1100459 ESPECD4          2798ES00    0             0100459                   0                       0                       0                       0                       0             
LS 2018C94000008033910/07/2018094938AGR4111000000108380709/07/201809/07/201809/07/201801113516Rgl/Fact  1100460        C4          1004  00    0             0100460                   0                       0                       0                       0                       0             
LS 2018C94000008033910/07/2018094938RGL5311039400108380709/07/201809/07/201809/07/201801113516Rgl/Facture 1100460 ESPECD4          1004ES00    0             0100460                   0                       0                       0                       0                       0             
LS 2018C94000008033910/07/2018094938AGR4111000000108380709/07/201809/07/201809/07/201801113517Rgl/Fact  1100461        C4          1698  00    0             0100461                   0                       0                       0                       0                       0             
LS 2018C94000008033910/07/2018094938RGL5311039400108380709/07/201809/07/201809/07/201801113517Rgl/Facture 1100461 CARTED4          1698CB00    0             0100461                   0                       0                       0                       0                       0             
LS 2018C94000008033910/07/2018094938AGR4111000000108380709/07/201809/07/201809/07/201801113518Rgl/Fact  1100462        C4          6177  00    0             0100462                   0                       0                       0                       0                       0             
LS 2018C94000008033910/07/2018094938RGL5311039400108380709/07/201809/07/201809/07/201801113518Rgl/Facture 1100462 CARTED4          6177CB00    0             0100462                   0                       0                       0                       0                       0             
LS 2018C94000008033910/07/2018094938AGR4111000000108380709/07/201809/07/201809/07/201801113519Rgl/Fact  1100463        C4         42289  00    0             0100463                   0                       0                       0                       0                       0             
LS 2018C94000008033910/07/2018094938RGL5311039400108380709/07/201809/07/201809/07/201801113519Rgl/Facture 1100463 CARTED4         42289CB00    0             0100463                   0                       0                       0                       0                       0             
LS 2018C94000008033910/07/2018094938AGR4111000000108380709/07/201809/07/201809/07/201801113520Rgl/Fact  1100464        C4          6936  00    0             0100464                   0                       0                       0                       0                       0             
LS 2018C94000008033910/07/2018094938RGL5311039400108380709/07/201809/07/201809/07/201801113520Rgl/Facture 1100464 CARTED4          6936CB00    0             0100464                   0                       0                       0                       0                       0             
LS 2018C94000008033910/07/2018094938AGR4111000000108380709/07/201809/07/201809/07/201801113521Rgl/Fact  1100465        C4          1299  00    0             0100465                   0                       0                       0                       0                       0             
LS 2018C94000008033910/07/2018094938RGL5311039400108380709/07/201809/07/201809/07/201801113521Rgl/Facture 1100465 ESPECD4          1299ES00    0             0100465                   0                       0                       0                       0                       0             
LS 2018C94000008033910/07/2018094938AGR4111000000108380709/07/201809/07/201809/07/201801113522Rgl/Fact  1100466        C4           879  00    0             0100466                   0                       0                       0                       0                       0             
LS 2018C94000008033910/07/2018094938RGL5311039400108380709/07/201809/07/201809/07/201801113522Rgl/Facture 1100466 ESPECD4           879ES00    0             0100466                   0                       0                       0                       0                       0             
LS 2018C94000008033910/07/2018094938AGR4111000000108380709/07/201809/07/201809/07/201801113523Rgl/Fact  1100467        C4          4497  00    0             0100467                   0                       0                       0                       0                       0             
LS 2018C94000008033910/07/2018094938RGL5311039400108380709/07/201809/07/201809/07/201801113523Rgl/Facture 1100467 CHEQUD4          4497CH00    0             0100467                   0                       0                       0                       0                       0             
LS 2018C94000008033910/07/2018094938AGR4111000000108380709/07/201809/07/201809/07/201801113524Rgl/Fact  1100468        C4          4084  00    0             0100468                   0                       0                       0                       0                       0             
LS 2018C94000008033910/07/2018094938RGL5311039400108380709/07/201809/07/201809/07/201801113524Rgl/Facture 1100468 CARTED4          4084CB00    0             0100468                   0                       0                       0                       0                       0             
LS 2018C94000008033910/07/2018094938AGR4111000000108380709/07/201809/07/201809/07/201801113525Rgl/Fact  1100469        C4          1657  00    0             0100469                   0                       0                       0                       0                       0             
LS 2018C94000008033910/07/2018094938RGL5311039400108380709/07/201809/07/201809/07/201801113525Rgl/Facture 1100469 ESPECD4          1657ES00    0             0100469                   0                       0                       0                       0                       0             
LS 2018C94000008033910/07/2018094938AGR4111000000108380709/07/201809/07/201809/07/201801113526Rgl/Fact  1100470        C4          1099  00    0             0100470                   0                       0                       0                       0                       0             
LS 2018C94000008033910/07/2018094938RGL5311039400108380709/07/201809/07/201809/07/201801113526Rgl/Facture 1100470 CARTED4          1099CB00    0             0100470                   0                       0                       0                       0                       0             
LS 2018C94000008033910/07/2018094938AGR4111000000108380709/07/201809/07/201809/07/201801113527Rgl/Fact  1100471        C4          1597  00    0             0100471                   0                       0                       0                       0                       0             
LS 2018C94000008033910/07/2018094938RGL5311039400108380709/07/201809/07/201809/07/201801113527Rgl/Facture 1100471 ESPECD4          1597ES00    0             0100471                   0                       0                       0                       0                       0             
LS 2018C94000008033910/07/2018094938AGR4111000000108380709/07/201809/07/201809/07/201801113528Rgl/Fact  1100472        C4          2198  00    0             0100472                   0                       0                       0                       0                       0             
LS 2018C94000008033910/07/2018094938RGL5311039400108380709/07/201809/07/201809/07/201801113528Rgl/Facture 1100472 CARTED4          2198CB00    0             0100472                   0                       0                       0                       0                       0             
LS 2018C94000008033910/07/2018094938AGR4111000000108380709/07/201809/07/201809/07/201801113529Rgl/Fact  1100473        C4          4390  00    0             0100473                   0                       0                       0                       0                       0             
LS 2018C94000008033910/07/2018094938RGL5311039400108380709/07/201809/07/201809/07/201801113529Rgl/Facture 1100473 ESPECD4          4390ES00    0             0100473                   0                       0                       0                       0                       0             
LS 2018C94000008033910/07/2018094938AGR4111000000108380709/07/201809/07/201809/07/201801113530Rgl/Fact  1100474        C4          2289  00    0             0100474                   0                       0                       0                       0                       0             
LS 2018C94000008033910/07/2018094938RGL5311039400108380709/07/201809/07/201809/07/201801113530Rgl/Facture 1100474 ESPECD4          2289ES00    0             0100474                   0                       0                       0                       0                       0             
LS 2018C94000008033910/07/2018094938AGR4111000000108380709/07/201809/07/201809/07/201801113531Rgl/Fact  1100475        C4           289  00    0             0100475                   0                       0                       0                       0                       0             
LS 2018C94000008033910/07/2018094938RGL5311039400108380709/07/201809/07/201809/07/201801113531Rgl/Facture 1100475 ESPECD4           289ES00    0             0100475                   0                       0                       0                       0                       0             
LS 2018C94000008033910/07/2018094938AGR4111000000108380709/07/201809/07/201809/07/201801113532Rgl/Fact  1100476        C4         11847  00    0             0100476                   0                       0                       0                       0                       0             
LS 2018C94000008033910/07/2018094938RGL5311039400108380709/07/201809/07/201809/07/201801113532Rgl/Facture 1100476 CARTED4         11847CB00    0             0100476                   0                       0                       0                       0                       0             
LS 2018C94000008033910/07/2018094938AGR4111000000108380709/07/201809/07/201809/07/201801113533Rgl/Fact  1100477        C4          8942  00    0             0100477                   0                       0                       0                       0                       0             
LS 2018C94000008033910/07/2018094938RGL5311039400108380709/07/201809/07/201809/07/201801113533Rgl/Facture 1100477 CARTED4          8942CB00    0             0100477                   0                       0                       0                       0                       0             
LS 2018C94000008033910/07/2018094938AGR4111000000108380709/07/201809/07/201809/07/201801113534Rgl/Fact  1100478        C4          3999  00    0             0100478                   0                       0                       0                       0                       0             
LS 2018C94000008033910/07/2018094938RGL5311039400108380709/07/201809/07/201809/07/201801113534Rgl/Facture 1100478 CARTED4          3999CB00    0             0100478                   0                       0                       0                       0                       0             
LS 2018C94000008033910/07/2018094938AGR4111000000108380709/07/201809/07/201809/07/201801113535Rgl/Fact  1100479        C4          1416  00    0             0100479                   0                       0                       0                       0                       0             
LS 2018C94000008033910/07/2018094938RGL5311039400108380709/07/201809/07/201809/07/201801113535Rgl/Facture 1100479 ESPECD4          1416ES00    0             0100479                   0                       0                       0                       0                       0             
LS 2018C94000008033910/07/2018094938AGR4111000000108380709/07/201809/07/201809/07/201801113536Rgl/Fact  1100480        C4          1698  00    0             0100480                   0                       0                       0                       0                       0             
LS 2018C94000008033910/07/2018094938RGL5311039400108380709/07/201809/07/201809/07/201801113536Rgl/Facture 1100480 CARTED4          1698CB00    0             0100480                   0                       0                       0                       0                       0             
LS 2018C94000008033910/07/2018094938AGR4111000000108380709/07/201809/07/201809/07/201801113537Rgl/Fact  1100481        C4           499  00    0             0100481                   0                       0                       0                       0                       0             
LS 2018C94000008033910/07/2018094938RGL5311039400108380709/07/201809/07/201809/07/201801113537Rgl/Facture 1100481 ESPECD4           499ES00    0             0100481                   0                       0                       0                       0                       0             
LS 2018C94000008033910/07/2018094938AGR4111000000108380709/07/201809/07/201809/07/201801113538Rgl/Fact  1100482        C4          2916  00    0             0100482                   0                       0                       0                       0                       0             
LS 2018C94000008033910/07/2018094938RGL5311039400108380709/07/201809/07/201809/07/201801113538Rgl/Facture 1100482 CARTED4          2916CB00    0             0100482                   0                       0                       0                       0                       0             
LS 2018C94000008033910/07/2018094938AGR4111000000108380709/07/201809/07/201809/07/201801113539Rgl/Avoir  1100483       D4           599  00    0             0100483                   0                       0                       0                       0                       0             
LS 2018C94000008033910/07/2018094938RGL5311039400108380709/07/201809/07/201809/07/201801113539Rgl/Facture 1100483 ESPECC4           599ES00    0             0100483                   0                       0                       0                       0                       0             
LS 2018C94000008033910/07/2018094938AGR4111000000108380709/07/201809/07/201809/07/201801113540Rgl/Fact  1100484        C4          1350  00    0             0100484                   0                       0                       0                       0                       0             
LS 2018C94000008033910/07/2018094938RGL5311039400108380709/07/201809/07/201809/07/201801113540Rgl/Facture 1100484 CARTED4          1350CB00    0             0100484                   0                       0                       0                       0                       0             
LS 2018C94000008033910/07/2018094938AGR4111000000108380709/07/201809/07/201809/07/201801113541Rgl/Fact  1100485        C4          6280  00    0             0100485                   0                       0                       0                       0                       0             
LS 2018C94000008033910/07/2018094938RGL5311039400108380709/07/201809/07/201809/07/201801113541Rgl/Facture 1100485 CARTED4          6280CB00    0             0100485                   0                       0                       0                       0                       0             
LS 2018C94000008033910/07/2018094938AGR4111000000108380709/07/201809/07/201809/07/201801113542Rgl/Fact  1100486        C4          5995  00    0             0100486                   0                       0                       0                       0                       0             
LS 2018C94000008033910/07/2018094938RGL5311039400108380709/07/201809/07/201809/07/201801113542Rgl/Facture 1100486 ESPECD4          5995ES00    0             0100486                   0                       0                       0                       0                       0             
LS 2018C94000008033910/07/2018094938AGR4111000000108380709/07/201809/07/201809/07/201801113543Rgl/Fact  1100487        C4          2320  00    0             0100487                   0                       0                       0                       0                       0             
LS 2018C94000008033910/07/2018094938RGL5311039400108380709/07/201809/07/201809/07/201801113543Rgl/Facture 1100487 CARTED4          2320CB00    0             0100487                   0                       0                       0                       0                       0             
LS 2018C94000008033910/07/2018094938AGR4111000000108380709/07/201809/07/201809/07/201801113544Rgl/Fact  1100488        C4          4698  00    0             0100488                   0                       0                       0                       0                       0             
LS 2018C94000008033910/07/2018094938RGL5311039400108380709/07/201809/07/201809/07/201801113544Rgl/Facture 1100488 CARTED4          4698CB00    0             0100488                   0                       0                       0                       0                       0             
LS 2018C94000008033910/07/2018094938AGR4111000000108380709/07/201809/07/201809/07/201801113545Rgl/Fact  1100489        C4          1558  00    0             0100489                   0                       0                       0                       0                       0             
LS 2018C94000008033910/07/2018094938RGL5311039400108380709/07/201809/07/201809/07/201801113545Rgl/Facture 1100489 CARTED4          1558CB00    0             0100489                   0                       0                       0                       0                       0             
LS 2018C94000008033910/07/2018094938AGR4111000000108380709/07/201809/07/201809/07/201801113546Rgl/Fact  1100490        C4          1190  00    0             0100490                   0                       0                       0                       0                       0             
LS 2018C94000008033910/07/2018094938RGL5311039400108380709/07/201809/07/201809/07/201801113546Rgl/Facture 1100490 ESPECD4          1190ES00    0             0100490                   0                       0                       0                       0                       0             
LS 2018C94000008033910/07/2018094938AGR4111000000108380709/07/201809/07/201809/07/201801113547Rgl/Fact  1100491        C4           940  00    0             0100491                   0                       0                       0                       0                       0             
LS 2018C94000008033910/07/2018094938RGL5311039400108380709/07/201809/07/201809/07/201801113547Rgl/Facture 1100491 ESPECD4           940ES00    0             0100491                   0                       0                       0                       0                       0             
LS 2018C94000008033910/07/2018094938AGR4111000000108380709/07/201809/07/201809/07/201801113548Rgl/Fact  1100492        C4          1148  00    0             0100492                   0                       0                       0                       0                       0             
LS 2018C94000008033910/07/2018094938RGL5311039400108380709/07/201809/07/201809/07/201801113548Rgl/Facture 1100492 CARTED4          1148CB00    0             0100492                   0                       0                       0                       0                       0             
LS 2018C94000008033910/07/2018094938AGR4111000000108380709/07/201809/07/201809/07/201801113549Rgl/Fact  1100493        C4           960  00    0             0100493                   0                       0                       0                       0                       0             
LS 2018C94000008033910/07/2018094938RGL5311039400108380709/07/201809/07/201809/07/201801113549Rgl/Facture 1100493 CARTED4           960CB00    0             0100493                   0                       0                       0                       0                       0             
LS 2018C94000008033910/07/2018094938AGR4111000000108380709/07/201809/07/201809/07/201801113550Rgl/Fact  1100494        C4          1196  00    0             0100494                   0                       0                       0                       0                       0             
LS 2018C94000008033910/07/2018094938RGL5311039400108380709/07/201809/07/201809/07/201801113550Rgl/Facture 1100494 CARTED4          1196CB00    0             0100494                   0                       0                       0                       0                       0             
LS 2018C94000008033910/07/2018094938AGR4111000000108380709/07/201809/07/201809/07/201801113551Rgl/Fact  1100495        C4          1379  00    0             0100495                   0                       0                       0                       0                       0             
LS 2018C94000008033910/07/2018094938RGL5311039400108380709/07/201809/07/201809/07/201801113551Rgl/Facture 1100495 CHEQUD4          1379CH00    0             0100495                   0                       0                       0                       0                       0             
LS 2018C94000008033910/07/2018094938AGR4111000000108380709/07/201809/07/201809/07/201801113552Rgl/Fact  1100496        C4          2367  00    0             0100496                   0                       0                       0                       0                       0             
LS 2018C94000008033910/07/2018094938RGL5311039400108380709/07/201809/07/201809/07/201801113552Rgl/Facture 1100496 CARTED4          2367CB00    0             0100496                   0                       0                       0                       0                       0             
LS 2018C94000008033910/07/2018094938AGR4111000000108380709/07/201809/07/201809/07/201801113553Rgl/Fact  1100497        C4         14959  00    0             0100497                   0                       0                       0                       0                       0             
LS 2018C94000008033910/07/2018094938RGL5311039400108380709/07/201809/07/201809/07/201801113553Rgl/Facture 1100497 CARTED4         14959CB00    0             0100497                   0                       0                       0                       0                       0             
LS 2018C94000008033910/07/2018094938AGR4111000000108380709/07/201809/07/201809/07/201801113554Rgl/Fact  1100498        C4          6564  00    0             0100498                   0                       0                       0                       0                       0             
LS 2018C94000008033910/07/2018094938RGL5311039400108380709/07/201809/07/201809/07/201801113554Rgl/Facture 1100498 CARTED4          6564CB00    0             0100498                   0                       0                       0                       0                       0             
LS 2018C94000008033910/07/2018094938AGR4111000000108380709/07/201809/07/201809/07/201801113555Rgl/Fact  1100499        C4           299  00    0             0100499                   0                       0                       0                       0                       0             
LS 2018C94000008033910/07/2018094938RGL5311039400108380709/07/201809/07/201809/07/201801113555Rgl/Facture 1100499 ESPECD4           299ES00    0             0100499                   0                       0                       0                       0                       0             
LS 2018C94000008033910/07/2018094938AGR4111000000108380709/07/201809/07/201809/07/201801113556Rgl/Fact  1100500        C4           948  00    0             0100500                   0                       0                       0                       0                       0             
LS 2018C94000008033910/07/2018094938RGL5311039400108380709/07/201809/07/201809/07/201801113556Rgl/Facture 1100500 ESPECD4           948ES00    0             0100500                   0                       0                       0                       0                       0             
LS 2018C94000008033910/07/2018094938AGR4111000000108380709/07/201809/07/201809/07/201801113557Rgl/Fact  1100501        C4          1338  00    0             0100501                   0                       0                       0                       0                       0             
LS 2018C94000008033910/07/2018094938RGL5311039400108380709/07/201809/07/201809/07/201801113557Rgl/Facture 1100501 ESPECD4          1338ES00    0             0100501                   0                       0                       0                       0                       0             
LS 2018C94000008033910/07/2018094938AGR4111000000108380709/07/201809/07/201809/07/201801113558Rgl/Fact  1100502        C4          2898  00    0             0100502                   0                       0                       0                       0                       0             
LS 2018C94000008033910/07/2018094938RGL5311039400108380709/07/201809/07/201809/07/201801113558Rgl/Facture 1100502 CARTED4          2898CB00    0             0100502                   0                       0                       0                       0                       0             
LS 2018C94000008033910/07/2018094938AGR4111000000108380709/07/201809/07/201809/07/201801113559Rgl/Fact  1100503        C4          1595  00    0             0100503                   0                       0                       0                       0                       0             
LS 2018C94000008033910/07/2018094938RGL5311039400108380709/07/201809/07/201809/07/201801113559Rgl/Facture 1100503 CARTED4          1595CB00    0             0100503                   0                       0                       0                       0                       0             
LS 2018C94000008033910/07/2018094938AGR4111000000108380709/07/201809/07/201809/07/201801113560Rgl/Fact  1100504        C4          2699  00    0             0100504                   0                       0                       0                       0                       0             
LS 2018C94000008033910/07/2018094938RGL5311039400108380709/07/201809/07/201809/07/201801113560Rgl/Facture 1100504 CARTED4          2699CB00    0             0100504                   0                       0                       0                       0                       0             
LS 2018C94000008033910/07/2018094938AGR4111000000108380709/07/201809/07/201809/07/201801113561Rgl/Fact  1100505        C4          1798  00    0             0100505                   0                       0                       0                       0                       0             
LS 2018C94000008033910/07/2018094938RGL5311039400108380709/07/201809/07/201809/07/201801113561Rgl/Facture 1100505 ESPECD4          1798ES00    0             0100505                   0                       0                       0                       0                       0             
LS 2018C94000008033910/07/2018094938AGR4111000000108380709/07/201809/07/201809/07/201801113562Rgl/Fact  1100506        C4          1290  00    0             0100506                   0                       0                       0                       0                       0             
LS 2018C94000008033910/07/2018094938RGL5311039400108380709/07/201809/07/201809/07/201801113562Rgl/Facture 1100506 CARTED4          1290CB00    0             0100506                   0                       0                       0                       0                       0             
LS 2018C94000008033910/07/2018094938AGR4111000000108380709/07/201809/07/201809/07/201801113563Rgl/Fact  1100507        C4          1694  00    0             0100507                   0                       0                       0                       0                       0             
LS 2018C94000008033910/07/2018094938RGL5311039400108380709/07/201809/07/201809/07/201801113563Rgl/Facture 1100507 CARTED4          1694CB00    0             0100507                   0                       0                       0                       0                       0             
LS 2018C94000008033910/07/2018094938AGR4111000000108380709/07/201809/07/201809/07/201801113564Rgl/Fact  1100508        C4           399  00    0             0100508                   0                       0                       0                       0                       0             
LS 2018C94000008033910/07/2018094938RGL5311039400108380709/07/201809/07/201809/07/201801113564Rgl/Facture 1100508 ESPECD4           399ES00    0             0100508                   0                       0                       0                       0                       0             
LS 2018C94000008033910/07/2018094938AGR4111000000108380709/07/201809/07/201809/07/201801113565Rgl/Fact  1100509        C4          2024  00    0             0100509                   0                       0                       0                       0                       0             
LS 2018C94000008033910/07/2018094938RGL5311039400108380709/07/201809/07/201809/07/201801113565Rgl/Facture 1100509 CHEQUD4          2024CH00    0             0100509                   0                       0                       0                       0                       0             
LS 2018C94000008033910/07/2018094939AGR4111000000108380709/07/201809/07/201809/07/201801113566Rgl/Fact  1100510        C4          1199  00    0             0100510                   0                       0                       0                       0                       0             
LS 2018C94000008033910/07/2018094939RGL5311039400108380709/07/201809/07/201809/07/201801113566Rgl/Facture 1100510 ESPECD4          1199ES00    0             0100510                   0                       0                       0                       0                       0             
LS 2018C94000008033910/07/2018094939AGR4111000000108380709/07/201809/07/201809/07/201801113567Rgl/Fact  1100511        C4          7246  00    0             0100511                   0                       0                       0                       0                       0             
LS 2018C94000008033910/07/2018094939RGL5311039400108380709/07/201809/07/201809/07/201801113567Rgl/Facture 1100511 CARTED4          7246CB00    0             0100511                   0                       0                       0                       0                       0             
LS 2018C94000008033910/07/2018094939AGR4111000000108380709/07/201809/07/201809/07/201801113568Rgl/Fact  1100512        C4          2358  00    0             0100512                   0                       0                       0                       0                       0             
LS 2018C94000008033910/07/2018094939RGL5311039400108380709/07/201809/07/201809/07/201801113568Rgl/Facture 1100512 CARTED4          2358CB00    0             0100512                   0                       0                       0                       0                       0             
LS 2018C94000008033910/07/2018094939AGR4111000000108380709/07/201809/07/201809/07/201801113569Rgl/Fact  1100513        C4           300  00    0             0100513                   0                       0                       0                       0                       0             
LS 2018C94000008033910/07/2018094939RGL5311039400108380709/07/201809/07/201809/07/201801113569Rgl/Facture 1100513 ESPECD4           300ES00    0             0100513                   0                       0                       0                       0                       0             
LS 2018C94000008033910/07/2018094939AGR4111000002210180109/07/201809/07/201809/07/201801113458Rgl/Fact  1100402        C4           360  00    0             0100402                   0                       0                       0                       0                       0             
LS 2018C94000008033910/07/2018094939RGL5311039402210180109/07/201809/07/201809/07/201801113458Rgl/Facture 1100402 ESPECD4           360ES00    0             0100402                   0                       0                       0                       0                       0             
LS 2018C94000008033910/07/2018094939RGL5820000001083807 09/07/201809/07/201809/07/201801113571394/Remise CH  0501609   D4          7900CH00    0             0501609                   0                       0                       0                       0                       0             
LS 2018C94000008033910/07/2018094939RGL531103940        09/07/201809/07/201809/07/201801113571394/Remise CH  0501609 CHC4          7900CH00    0             0501609                   0                       0                       0                       0                       0             
LS 2018C94000008033910/07/2018094939RGL5830000001083807 09/07/201809/07/201809/07/201801113572394/Remise CB            D4        337628CB00    0             0000000                   0                       0                       0                       0                       0             
LS 2018C94000008033910/07/2018094939RGL531103940        09/07/201809/07/201809/07/201801113572394/Remise CB   CARTE    C4        337628CB00    0             0000000                   0                       0                       0                       0                       0             
