LS 2018C39000008032710/07/2018094912AGR4111000000108378509/07/201809/07/201809/07/201801500282Rgl/Fact  2584710        C4          2996  00    0             0584710                   0                       0                       0                       0                       0             
LS 2018C39000008032710/07/2018094912RGL5311013900108378509/07/201809/07/201809/07/201801500282Rgl/Facture 2584710 CARTED4          2996CB00    0             0584710                   0                       0                       0                       0                       0             
LS 2018C39000008032710/07/2018094912AGR4111000000108378509/07/201809/07/201809/07/201801500283Rgl/Fact  2584711        C4          1498  00    0             0584711                   0                       0                       0                       0                       0             
LS 2018C39000008032710/07/2018094912RGL5311013900108378509/07/201809/07/201809/07/201801500283Rgl/Facture 2584711 CARTED4          1498CB00    0             0584711                   0                       0                       0                       0                       0             
LS 2018C39000008032710/07/2018094912AGR4111000000108378509/07/201809/07/201809/07/201801500284Rgl/Fact  2584712        C4          1108  00    0             0584712                   0                       0                       0                       0                       0             
LS 2018C39000008032710/07/2018094912RGL5311013900108378509/07/201809/07/201809/07/201801500284Rgl/Facture 2584712 CARTED4          1108CB00    0             0584712                   0                       0                       0                       0                       0             
LS 2018C39000008032710/07/2018094912AGR4111000000108378509/07/201809/07/201809/07/201801500285Rgl/Fact  2584713        C4          2999  00    0             0584713                   0                       0                       0                       0                       0             
LS 2018C39000008032710/07/2018094912RGL5311013900108378509/07/201809/07/201809/07/201801500285Rgl/Facture 2584713 CARTED4          2999CB00    0             0584713                   0                       0                       0                       0                       0             
LS 2018C39000008032710/07/2018094912AGR4111000000108378509/07/201809/07/201809/07/201801500286Rgl/Fact  2584714        C4          2899  00    0             0584714                   0                       0                       0                       0                       0             
LS 2018C39000008032710/07/2018094912RGL5311013900108378509/07/201809/07/201809/07/201801500286Rgl/Facture 2584714 CARTED4          2899CB00    0             0584714                   0                       0                       0                       0                       0             
LS 2018C39000008032710/07/2018094912AGR4111000000108378509/07/201809/07/201809/07/201801500287Rgl/Fact  2584715        C4          1149  00    0             0584715                   0                       0                       0                       0                       0             
LS 2018C39000008032710/07/2018094912RGL5311013900108378509/07/201809/07/201809/07/201801500287Rgl/Facture 2584715 CARTED4          1149CB00    0             0584715                   0                       0                       0                       0                       0             
LS 2018C39000008032710/07/2018094912AGR4111000000108378509/07/201809/07/201809/07/201801500288Rgl/Fact  2584716        C4          8895  00    0             0584716                   0                       0                       0                       0                       0             
LS 2018C39000008032710/07/2018094912RGL5311013900108378509/07/201809/07/201809/07/201801500288Rgl/Facture 2584716 CARTED4          8895CB00    0             0584716                   0                       0                       0                       0                       0             
LS 2018C39000008032710/07/2018094912AGR4111000000108378509/07/201809/07/201809/07/201801500289Rgl/Fact  2584717        C4          1915  00    0             0584717                   0                       0                       0                       0                       0             
LS 2018C39000008032710/07/2018094912RGL5311013900108378509/07/201809/07/201809/07/201801500289Rgl/Facture 2584717 CARTED4          1915CB00    0             0584717                   0                       0                       0                       0                       0             
LS 2018C39000008032710/07/2018094912AGR4111000000108378509/07/201809/07/201809/07/201801500290Rgl/Fact  2584718        C4          1767  00    0             0584718                   0                       0                       0                       0                       0             
LS 2018C39000008032710/07/2018094912RGL5311013900108378509/07/201809/07/201809/07/201801500290Rgl/Facture 2584718 ESPECD4          1767ES00    0             0584718                   0                       0                       0                       0                       0             
LS 2018C39000008032710/07/2018094912AGR4111000000108378509/07/201809/07/201809/07/201801500291Rgl/Fact  2584719        C4          7448  00    0             0584719                   0                       0                       0                       0                       0             
LS 2018C39000008032710/07/2018094912RGL5311013900108378509/07/201809/07/201809/07/201801500291Rgl/Facture 2584719 CARTED4          7448CB00    0             0584719                   0                       0                       0                       0                       0             
LS 2018C39000008032710/07/2018094912AGR4111000000108378509/07/201809/07/201809/07/201801500292Rgl/Fact  2584720        C4         11970  00    0             0584720                   0                       0                       0                       0                       0             
LS 2018C39000008032710/07/2018094912RGL5311013900108378509/07/201809/07/201809/07/201801500292Rgl/Facture 2584720 CARTED4         11970CB00    0             0584720                   0                       0                       0                       0                       0             
LS 2018C39000008032710/07/2018094912AGR4111000000108378509/07/201809/07/201809/07/201801500293Rgl/Fact  2584721        C4          1990  00    0             0584721                   0                       0                       0                       0                       0             
LS 2018C39000008032710/07/2018094912RGL5311013900108378509/07/201809/07/201809/07/201801500293Rgl/Facture 2584721 CARTED4          1990CB00    0             0584721                   0                       0                       0                       0                       0             
LS 2018C39000008032710/07/2018094912AGR4111000000108378509/07/201809/07/201809/07/201801500294Rgl/Fact  2584722        C4          6199  00    0             0584722                   0                       0                       0                       0                       0             
LS 2018C39000008032710/07/2018094912RGL5311013900108378509/07/201809/07/201809/07/201801500294Rgl/Facture 2584722 CARTED4          5499CB00    0             0584722                   0                       0                       0                       0                       0             
LS 2018C39000008032710/07/2018094912RGL5311013900108378509/07/201809/07/201809/07/201801500294Rgl/Facture 2584722 SOGECD4           700CR00    0             0584722                   0                       0                       0                       0                       0             
LS 2018C39000008032710/07/2018094912AGR4111000000108378509/07/201809/07/201809/07/201801500295Rgl/Fact  2584723        C4          1699  00    0             0584723                   0                       0                       0                       0                       0             
LS 2018C39000008032710/07/2018094912RGL5311013900108378509/07/201809/07/201809/07/201801500295Rgl/Facture 2584723 CARTED4          1699CB00    0             0584723                   0                       0                       0                       0                       0             
LS 2018C39000008032710/07/2018094912AGR4111000000108378509/07/201809/07/201809/07/201801500296Rgl/Fact  2584724        C4          6697  00    0             0584724                   0                       0                       0                       0                       0             
LS 2018C39000008032710/07/2018094912RGL5311013900108378509/07/201809/07/201809/07/201801500296Rgl/Facture 2584724 CARTED4          6697CB00    0             0584724                   0                       0                       0                       0                       0             
LS 2018C39000008032710/07/2018094912AGR4111000000108378509/07/201809/07/201809/07/201801500297Rgl/Fact  2584725        C4          9999  00    0             0584725                   0                       0                       0                       0                       0             
LS 2018C39000008032710/07/2018094912RGL5311013900108378509/07/201809/07/201809/07/201801500297Rgl/Facture 2584725 CARTED4          9999CB00    0             0584725                   0                       0                       0                       0                       0             
LS 2018C39000008032710/07/2018094912AGR4111000000108378509/07/201809/07/201809/07/201801500298Rgl/Fact  2584726        C4          5027  00    0             0584726                   0                       0                       0                       0                       0             
LS 2018C39000008032710/07/2018094912RGL5311013900108378509/07/201809/07/201809/07/201801500298Rgl/Facture 2584726 CARTED4          5027CB00    0             0584726                   0                       0                       0                       0                       0             
LS 2018C39000008032710/07/2018094912AGR4111000000108378509/07/201809/07/201809/07/201801500299Rgl/Fact  2584727        C4          1758  00    0             0584727                   0                       0                       0                       0                       0             
LS 2018C39000008032710/07/2018094912RGL5311013900108378509/07/201809/07/201809/07/201801500299Rgl/Facture 2584727 CARTED4          1758CB00    0             0584727                   0                       0                       0                       0                       0             
LS 2018C39000008032710/07/2018094912AGR4111000000108378509/07/201809/07/201809/07/201801500300Rgl/Avoir  2584728       D4           649  00    0             0584728                   0                       0                       0                       0                       0             
LS 2018C39000008032710/07/2018094912RGL4197000000108378509/07/201809/07/201809/07/201801500300Rgl/Facture 2584728 AVOIRC4           649BA00    0             0584728                   0                       0                       0                       0                       0             
LS 2018C39000008032710/07/2018094913AGR4111000000108378509/07/201809/07/201809/07/201801500301Rgl/Fact  2584729        C4           649  00    0             0584729                   0                       0                       0                       0                       0             
LS 2018C39000008032710/07/2018094913RGL4197000000108378509/07/201809/07/201809/07/201801500301Rgl/Facture 2584728 AVOIRD4           649AV00    0             0584729                   0                       0                       0                       0                       0             
LS 2018C39000008032710/07/2018094913AGR4111000000108378509/07/201809/07/201809/07/201801500302Rgl/Fact  2584730        C4          1764  00    0             0584730                   0                       0                       0                       0                       0             
LS 2018C39000008032710/07/2018094913RGL5311013900108378509/07/201809/07/201809/07/201801500302Rgl/Facture 2584730 CARTED4          1764CB00    0             0584730                   0                       0                       0                       0                       0             
LS 2018C39000008032710/07/2018094913AGR4111000000108378509/07/201809/07/201809/07/201801500303Rgl/Fact  2584731        C4          3698  00    0             0584731                   0                       0                       0                       0                       0             
LS 2018C39000008032710/07/2018094913RGL5311013900108378509/07/201809/07/201809/07/201801500303Rgl/Facture 2584731 CARTED4          3698CB00    0             0584731                   0                       0                       0                       0                       0             
LS 2018C39000008032710/07/2018094913AGR4111000000108378509/07/201809/07/201809/07/201801500304Rgl/Avoir  2584732       D4          3249  00    0             0584732                   0                       0                       0                       0                       0             
LS 2018C39000008032710/07/2018094913RGL5311013900108378509/07/201809/07/201809/07/201801500304Rgl/Facture 2584732 CARTEC4          3249CB00    0             0584732                   0                       0                       0                       0                       0             
LS 2018C39000008032710/07/2018094913AGR4111000000108378509/07/201809/07/201809/07/201801500305Rgl/Fact  2584733        C4          1299  00    0             0584733                   0                       0                       0                       0                       0             
LS 2018C39000008032710/07/2018094913RGL5311013900108378509/07/201809/07/201809/07/201801500305Rgl/Facture 2584733 CARTED4          1299CB00    0             0584733                   0                       0                       0                       0                       0             
LS 2018C39000008032710/07/2018094913AGR4111000000108378509/07/201809/07/201809/07/201801500306Rgl/Fact  2584734        C4           200  00    0             0584734                   0                       0                       0                       0                       0             
LS 2018C39000008032710/07/2018094913RGL5311013900108378509/07/201809/07/201809/07/201801500306Rgl/Facture 2584734 ESPECD4           200ES00    0             0584734                   0                       0                       0                       0                       0             
LS 2018C39000008032710/07/2018094913AGR4111000000108378509/07/201809/07/201809/07/201801500307Rgl/Fact  2584735        C4          1660  00    0             0584735                   0                       0                       0                       0                       0             
LS 2018C39000008032710/07/2018094913RGL5311013900108378509/07/201809/07/201809/07/201801500307Rgl/Facture 2584735 ESPECD4          1660ES00    0             0584735                   0                       0                       0                       0                       0             
LS 2018C39000008032710/07/2018094913AGR4111000000108378509/07/201809/07/201809/07/201801500308Rgl/Fact  2584736        C4          1060  00    0             0584736                   0                       0                       0                       0                       0             
LS 2018C39000008032710/07/2018094913RGL5311013900108378509/07/201809/07/201809/07/201801500308Rgl/Facture 2584736 CARTED4          1060CB00    0             0584736                   0                       0                       0                       0                       0             
LS 2018C39000008032710/07/2018094913AGR4111000000108378509/07/201809/07/201809/07/201801500309Rgl/Fact  2584737        C4          5327  00    0             0584737                   0                       0                       0                       0                       0             
LS 2018C39000008032710/07/2018094913RGL5311013900108378509/07/201809/07/201809/07/201801500309Rgl/Facture 2584737 CARTED4          5327CB00    0             0584737                   0                       0                       0                       0                       0             
LS 2018C39000008032710/07/2018094913AGR4111000000108378509/07/201809/07/201809/07/201801500310Rgl/Fact  2584738        C4          3698  00    0             0584738                   0                       0                       0                       0                       0             
LS 2018C39000008032710/07/2018094913RGL5311013900108378509/07/201809/07/201809/07/201801500310Rgl/Facture 2584738 CARTED4          3698CB00    0             0584738                   0                       0                       0                       0                       0             
LS 2018C39000008032710/07/2018094913AGR4111000000108378509/07/201809/07/201809/07/201801500311Rgl/Fact  2584739        C4          3797  00    0             0584739                   0                       0                       0                       0                       0             
LS 2018C39000008032710/07/2018094913RGL5311013900108378509/07/201809/07/201809/07/201801500311Rgl/Facture 2584739 CARTED4          3797CB00    0             0584739                   0                       0                       0                       0                       0             
LS 2018C39000008032710/07/2018094913AGR4111000000108378509/07/201809/07/201809/07/201801500312Rgl/Fact  2584740        C4          1798  00    0             0584740                   0                       0                       0                       0                       0             
LS 2018C39000008032710/07/2018094913RGL5311013900108378509/07/201809/07/201809/07/201801500312Rgl/Facture 2584740 CARTED4          1798CB00    0             0584740                   0                       0                       0                       0                       0             
LS 2018C39000008032710/07/2018094913AGR4111000000108378509/07/201809/07/201809/07/201801500313Rgl/Fact  2584741        C4           549  00    0             0584741                   0                       0                       0                       0                       0             
LS 2018C39000008032710/07/2018094913RGL5311013900108378509/07/201809/07/201809/07/201801500313Rgl/Facture 2584741 ESPECD4           549ES00    0             0584741                   0                       0                       0                       0                       0             
LS 2018C39000008032710/07/2018094913AGR4111000000108378509/07/201809/07/201809/07/201801500314Rgl/Fact  2584742        C4          1575  00    0             0584742                   0                       0                       0                       0                       0             
LS 2018C39000008032710/07/2018094913RGL5311013900108378509/07/201809/07/201809/07/201801500314Rgl/Facture 2584742 CARTED4          1575CB00    0             0584742                   0                       0                       0                       0                       0             
LS 2018C39000008032710/07/2018094913AGR4111000000108378509/07/201809/07/201809/07/201801500315Rgl/Fact  2584743        C4          2170  00    0             0584743                   0                       0                       0                       0                       0             
LS 2018C39000008032710/07/2018094913RGL5311013900108378509/07/201809/07/201809/07/201801500315Rgl/Facture 2584743 ESPECD4          2170ES00    0             0584743                   0                       0                       0                       0                       0             
LS 2018C39000008032710/07/2018094913AGR4111000000108378509/07/201809/07/201809/07/201801500316Rgl/Fact  2584744        C4          1328  00    0             0584744                   0                       0                       0                       0                       0             
LS 2018C39000008032710/07/2018094913RGL5311013900108378509/07/201809/07/201809/07/201801500316Rgl/Facture 2584744 CARTED4          1328CB00    0             0584744                   0                       0                       0                       0                       0             
LS 2018C39000008032710/07/2018094913AGR4111000000108378509/07/201809/07/201809/07/201801500317Rgl/Fact  2584745        C4          1595  00    0             0584745                   0                       0                       0                       0                       0             
LS 2018C39000008032710/07/2018094913RGL5311013900108378509/07/201809/07/201809/07/201801500317Rgl/Facture 2584745 CARTED4          1595CB00    0             0584745                   0                       0                       0                       0                       0             
LS 2018C39000008032710/07/2018094913AGR4111000000108378509/07/201809/07/201809/07/201801500318Rgl/Fact  2584746        C4          4999  00    0             0584746                   0                       0                       0                       0                       0             
LS 2018C39000008032710/07/2018094913RGL5311013900108378509/07/201809/07/201809/07/201801500318Rgl/Facture 2584746 ESPECD4          4999ES00    0             0584746                   0                       0                       0                       0                       0             
LS 2018C39000008032710/07/2018094913AGR4111000000108378509/07/201809/07/201809/07/201801500319Rgl/Fact  2584747        C4           498  00    0             0584747                   0                       0                       0                       0                       0             
LS 2018C39000008032710/07/2018094913RGL5311013900108378509/07/201809/07/201809/07/201801500319Rgl/Facture 2584747 ESPECD4           498ES00    0             0584747                   0                       0                       0                       0                       0             
LS 2018C39000008032710/07/2018094913AGR4111000000108378509/07/201809/07/201809/07/201801500320Rgl/Fact  2584748        C4          4198  00    0             0584748                   0                       0                       0                       0                       0             
LS 2018C39000008032710/07/2018094913RGL5311013900108378509/07/201809/07/201809/07/201801500320Rgl/Facture 2584748 CARTED4          4198CB00    0             0584748                   0                       0                       0                       0                       0             
LS 2018C39000008032710/07/2018094913AGR4111000000108378509/07/201809/07/201809/07/201801500321Rgl/Avoir  2584749       D4           499  00    0             0584749                   0                       0                       0                       0                       0             
LS 2018C39000008032710/07/2018094913RGL4197000000108378509/07/201809/07/201809/07/201801500321Rgl/Facture 2584749 AVOIRC4           499BA00    0             0584749                   0                       0                       0                       0                       0             
LS 2018C39000008032710/07/2018094913AGR4111000000108378509/07/201809/07/201809/07/201801500322Rgl/Fact  2584750        C4          1797  00    0             0584750                   0                       0                       0                       0                       0             
LS 2018C39000008032710/07/2018094913RGL4197000000108378509/07/201809/07/201809/07/201801500322Rgl/Facture 2584749 AVOIRD4           499AV00    0             0584750                   0                       0                       0                       0                       0             
LS 2018C39000008032710/07/2018094913RGL5311013900108378509/07/201809/07/201809/07/201801500322Rgl/Facture 2584750 CARTED4          1298CB00    0             0584750                   0                       0                       0                       0                       0             
LS 2018C39000008032710/07/2018094913AGR4111000000108378509/07/201809/07/201809/07/201801500323Rgl/Fact  2584751        C4          2580  00    0             0584751                   0                       0                       0                       0                       0             
LS 2018C39000008032710/07/2018094913RGL5311013900108378509/07/201809/07/201809/07/201801500323Rgl/Facture 2584751 CARTED4          2580CB00    0             0584751                   0                       0                       0                       0                       0             
LS 2018C39000008032710/07/2018094913AGR4111000000108378509/07/201809/07/201809/07/201801500324Rgl/Fact  2584752        C4           399  00    0             0584752                   0                       0                       0                       0                       0             
LS 2018C39000008032710/07/2018094913RGL5311013900108378509/07/201809/07/201809/07/201801500324Rgl/Facture 2584752 CARTED4           399CB00    0             0584752                   0                       0                       0                       0                       0             
LS 2018C39000008032710/07/2018094913AGR4111000000108378509/07/201809/07/201809/07/201801500325Rgl/Fact  2584753        C4          3419  00    0             0584753                   0                       0                       0                       0                       0             
LS 2018C39000008032710/07/2018094913RGL5311013900108378509/07/201809/07/201809/07/201801500325Rgl/Facture 2584753 CARTED4          3419CB00    0             0584753                   0                       0                       0                       0                       0             
LS 2018C39000008032710/07/2018094913AGR4111000000108378509/07/201809/07/201809/07/201801500326Rgl/Fact  2584754        C4          5899  00    0             0584754                   0                       0                       0                       0                       0             
LS 2018C39000008032710/07/2018094913RGL5311013900108378509/07/201809/07/201809/07/201801500326Rgl/Facture 2584754 CARTED4          5899CB00    0             0584754                   0                       0                       0                       0                       0             
LS 2018C39000008032710/07/2018094913AGR4111000000108378509/07/201809/07/201809/07/201801500327Rgl/Fact  2584755        C4          3197  00    0             0584755                   0                       0                       0                       0                       0             
LS 2018C39000008032710/07/2018094913RGL5311013900108378509/07/201809/07/201809/07/201801500327Rgl/Facture 2584755 CARTED4          3197CB00    0             0584755                   0                       0                       0                       0                       0             
LS 2018C39000008032710/07/2018094913AGR4111000000108378509/07/201809/07/201809/07/201801500328Rgl/Fact  2584756        C4          4953  00    0             0584756                   0                       0                       0                       0                       0             
LS 2018C39000008032710/07/2018094913RGL5311013900108378509/07/201809/07/201809/07/201801500328Rgl/Facture 2584756 CARTED4          4953CB00    0             0584756                   0                       0                       0                       0                       0             
LS 2018C39000008032710/07/2018094913AGR4111000000108378509/07/201809/07/201809/07/201801500329Rgl/Fact  2584757        C4         12969  00    0             0584757                   0                       0                       0                       0                       0             
LS 2018C39000008032710/07/2018094913RGL5311013900108378509/07/201809/07/201809/07/201801500329Rgl/Facture 2584757 CARTED4         12969CB00    0             0584757                   0                       0                       0                       0                       0             
LS 2018C39000008032710/07/2018094913AGR4111000000108378509/07/201809/07/201809/07/201801500330Rgl/Fact  2584758        C4           774  00    0             0584758                   0                       0                       0                       0                       0             
LS 2018C39000008032710/07/2018094913RGL5311013900108378509/07/201809/07/201809/07/201801500330Rgl/Facture 2584758 ESPECD4           774ES00    0             0584758                   0                       0                       0                       0                       0             
LS 2018C39000008032710/07/2018094913AGR4111000000108378509/07/201809/07/201809/07/201801500331Rgl/Fact  2584759        C4          1775  00    0             0584759                   0                       0                       0                       0                       0             
LS 2018C39000008032710/07/2018094913RGL5311013900108378509/07/201809/07/201809/07/201801500331Rgl/Facture 2584759 CARTED4          1775CB00    0             0584759                   0                       0                       0                       0                       0             
LS 2018C39000008032710/07/2018094913AGR4111000000108378509/07/201809/07/201809/07/201801500333Rgl/Fact  2584761        C4          5546  00    0             0584761                   0                       0                       0                       0                       0             
LS 2018C39000008032710/07/2018094913RGL5311013900108378509/07/201809/07/201809/07/201801500333Rgl/Facture 2584761 CARTED4          5246CB00    0             0584761                   0                       0                       0                       0                       0             
LS 2018C39000008032710/07/2018094913RGL5311013900108378509/07/201809/07/201809/07/201801500333Rgl/Facture 2584761 SOGECD4           300CR00    0             0584761                   0                       0                       0                       0                       0             
LS 2018C39000008032710/07/2018094913AGR4111000000108378509/07/201809/07/201809/07/201801500334Rgl/Fact  2584762        C4          3749  00    0             0584762                   0                       0                       0                       0                       0             
LS 2018C39000008032710/07/2018094913RGL5311013900108378509/07/201809/07/201809/07/201801500334Rgl/Facture 2584762 CARTED4          3749CB00    0             0584762                   0                       0                       0                       0                       0             
LS 2018C39000008032710/07/2018094913AGR4111000000108378509/07/201809/07/201809/07/201801500335Rgl/Fact  2584763        C4          3395  00    0             0584763                   0                       0                       0                       0                       0             
LS 2018C39000008032710/07/2018094913RGL5311013900108378509/07/201809/07/201809/07/201801500335Rgl/Facture 2584763 CARTED4          3395CB00    0             0584763                   0                       0                       0                       0                       0             
LS 2018C39000008032710/07/2018094913AGR4111000000108378509/07/201809/07/201809/07/201801500336Rgl/Fact  2584764        C4          1399  00    0             0584764                   0                       0                       0                       0                       0             
LS 2018C39000008032710/07/2018094913RGL5311013900108378509/07/201809/07/201809/07/201801500336Rgl/Facture 2584764 CARTED4          1399CB00    0             0584764                   0                       0                       0                       0                       0             
LS 2018C39000008032710/07/2018094913AGR4111000000108378509/07/201809/07/201809/07/201801500337Rgl/Fact  2584765        C4          6354  00    0             0584765                   0                       0                       0                       0                       0             
LS 2018C39000008032710/07/2018094913RGL5311013900108378509/07/201809/07/201809/07/201801500337Rgl/Facture 2584765 CARTED4          6354CB00    0             0584765                   0                       0                       0                       0                       0             
LS 2018C39000008032710/07/2018094913AGR4111000000108378509/07/201809/07/201809/07/201801500338Rgl/Fact  2584766        C4           907  00    0             0584766                   0                       0                       0                       0                       0             
LS 2018C39000008032710/07/2018094913RGL5311013900108378509/07/201809/07/201809/07/201801500338Rgl/Facture 2584766 ESPECD4           907ES00    0             0584766                   0                       0                       0                       0                       0             
LS 2018C39000008032710/07/2018094913AGR4111000000108378509/07/201809/07/201809/07/201801500339Rgl/Fact  2584767        C4          3999  00    0             0584767                   0                       0                       0                       0                       0             
LS 2018C39000008032710/07/2018094913RGL5311013900108378509/07/201809/07/201809/07/201801500339Rgl/Facture 2584767 CARTED4          3999CB00    0             0584767                   0                       0                       0                       0                       0             
LS 2018C39000008032710/07/2018094913AGR4111000000108378509/07/201809/07/201809/07/201801500340Rgl/Fact  2584768        C4          3138  00    0             0584768                   0                       0                       0                       0                       0             
LS 2018C39000008032710/07/2018094913RGL5311013900108378509/07/201809/07/201809/07/201801500340Rgl/Facture 2584768 CARTED4          3138CB00    0             0584768                   0                       0                       0                       0                       0             
LS 2018C39000008032710/07/2018094913AGR4111000000108378509/07/201809/07/201809/07/201801500341Rgl/Fact  2584769        C4         10859  00    0             0584769                   0                       0                       0                       0                       0             
LS 2018C39000008032710/07/2018094913RGL5311013900108378509/07/201809/07/201809/07/201801500341Rgl/Facture 2584769 CARTED4         10859CB00    0             0584769                   0                       0                       0                       0                       0             
LS 2018C39000008032710/07/2018094913AGR4111000000108378509/07/201809/07/201809/07/201801500342Rgl/Fact  2584770        C4           647  00    0             0584770                   0                       0                       0                       0                       0             
LS 2018C39000008032710/07/2018094913RGL5311013900108378509/07/201809/07/201809/07/201801500342Rgl/Facture 2584770 ESPECD4           647ES00    0             0584770                   0                       0                       0                       0                       0             
LS 2018C39000008032710/07/2018094913AGR4111000000108378509/07/201809/07/201809/07/201801500343Rgl/Fact  2584771        C4          1248  00    0             0584771                   0                       0                       0                       0                       0             
LS 2018C39000008032710/07/2018094913RGL5311013900108378509/07/201809/07/201809/07/201801500343Rgl/Facture 2584771 ESPECD4          1248ES00    0             0584771                   0                       0                       0                       0                       0             
LS 2018C39000008032710/07/2018094913AGR4111000000108378509/07/201809/07/201809/07/201801500344Rgl/Fact  2584772        C4           100  00    0             0584772                   0                       0                       0                       0                       0             
LS 2018C39000008032710/07/2018094913RGL5311013900108378509/07/201809/07/201809/07/201801500344Rgl/Facture 2584772 CARTED4           100CB00    0             0584772                   0                       0                       0                       0                       0             
LS 2018C39000008032710/07/2018094913AGR4111000000108378509/07/201809/07/201809/07/201801500345Rgl/Fact  2584773        C4           498  00    0             0584773                   0                       0                       0                       0                       0             
LS 2018C39000008032710/07/2018094913RGL5311013900108378509/07/201809/07/201809/07/201801500345Rgl/Facture 2584773 CARTED4           498CB00    0             0584773                   0                       0                       0                       0                       0             
LS 2018C39000008032710/07/2018094913AGR4111000000108378509/07/201809/07/201809/07/201801500346Rgl/Fact  2584774        C4           374  00    0             0584774                   0                       0                       0                       0                       0             
LS 2018C39000008032710/07/2018094913RGL5311013900108378509/07/201809/07/201809/07/201801500346Rgl/Facture 2584774 CARTED4           374CB00    0             0584774                   0                       0                       0                       0                       0             
LS 2018C39000008032710/07/2018094913AGR4111000000108378509/07/201809/07/201809/07/201801500347Rgl/Fact  2584775        C4           199  00    0             0584775                   0                       0                       0                       0                       0             
LS 2018C39000008032710/07/2018094913RGL5311013900108378509/07/201809/07/201809/07/201801500347Rgl/Facture 2584775 ESPECD4           199ES00    0             0584775                   0                       0                       0                       0                       0             
LS 2018C39000008032710/07/2018094913AGR4111000000108378509/07/201809/07/201809/07/201801500348Rgl/Fact  2584776        C4          4398  00    0             0584776                   0                       0                       0                       0                       0             
LS 2018C39000008032710/07/2018094913RGL5311013900108378509/07/201809/07/201809/07/201801500348Rgl/Facture 2584776 CARTED4          4398CB00    0             0584776                   0                       0                       0                       0                       0             
LS 2018C39000008032710/07/2018094913AGR4111000000108378509/07/201809/07/201809/07/201801500349Rgl/Fact  2584777        C4          2380  00    0             0584777                   0                       0                       0                       0                       0             
LS 2018C39000008032710/07/2018094913RGL5311013900108378509/07/201809/07/201809/07/201801500349Rgl/Facture 2584777 CHEQUD4          2380CH00    0             0584777                   0                       0                       0                       0                       0             
LS 2018C39000008032710/07/2018094913AGR4111000000108378509/07/201809/07/201809/07/201801500350Rgl/Fact  2584778        C4          2148  00    0             0584778                   0                       0                       0                       0                       0             
LS 2018C39000008032710/07/2018094913RGL5311013900108378509/07/201809/07/201809/07/201801500350Rgl/Facture 2584778 CARTED4          2148CB00    0             0584778                   0                       0                       0                       0                       0             
LS 2018C39000008032710/07/2018094913AGR4111000000108378509/07/201809/07/201809/07/201801500351Rgl/Fact  2584779        C4          1450  00    0             0584779                   0                       0                       0                       0                       0             
LS 2018C39000008032710/07/2018094913RGL5311013900108378509/07/201809/07/201809/07/201801500351Rgl/Facture 2584779 CARTED4          1450CB00    0             0584779                   0                       0                       0                       0                       0             
LS 2018C39000008032710/07/2018094913AGR4111000000108378509/07/201809/07/201809/07/201801500352Rgl/Fact  2584780        C4          1495  00    0             0584780                   0                       0                       0                       0                       0             
LS 2018C39000008032710/07/2018094913RGL5311013900108378509/07/201809/07/201809/07/201801500352Rgl/Facture 2584780 CARTED4          1495CB00    0             0584780                   0                       0                       0                       0                       0             
LS 2018C39000008032710/07/2018094913AGR4111000000108378509/07/201809/07/201809/07/201801500353Rgl/Fact  2584781        C4          2688  00    0             0584781                   0                       0                       0                       0                       0             
LS 2018C39000008032710/07/2018094913RGL5311013900108378509/07/201809/07/201809/07/201801500353Rgl/Facture 2584781 CARTED4          2688CB00    0             0584781                   0                       0                       0                       0                       0             
LS 2018C39000008032710/07/2018094913AGR4111000000108378509/07/201809/07/201809/07/201801500354Rgl/Fact  2584782        C4           580  00    0             0584782                   0                       0                       0                       0                       0             
LS 2018C39000008032710/07/2018094913RGL5311013900108378509/07/201809/07/201809/07/201801500354Rgl/Facture 2584782 ESPECD4           580ES00    0             0584782                   0                       0                       0                       0                       0             
LS 2018C39000008032710/07/2018094913AGR4111000000108378509/07/201809/07/201809/07/201801500355Rgl/Fact  2584783        C4           849  00    0             0584783                   0                       0                       0                       0                       0             
LS 2018C39000008032710/07/2018094913RGL5311013900108378509/07/201809/07/201809/07/201801500355Rgl/Facture 2584783 ESPECD4           849ES00    0             0584783                   0                       0                       0                       0                       0             
LS 2018C39000008032710/07/2018094914AGR4111000000108378509/07/201809/07/201809/07/201801500356Rgl/Fact  2584784        C4          1749  00    0             0584784                   0                       0                       0                       0                       0             
LS 2018C39000008032710/07/2018094914RGL5311013900108378509/07/201809/07/201809/07/201801500356Rgl/Facture 2584784 CARTED4          1749CB00    0             0584784                   0                       0                       0                       0                       0             
LS 2018C39000008032710/07/2018094914AGR4111000000108378509/07/201809/07/201809/07/201801500357Rgl/Fact  2584785        C4          1599  00    0             0584785                   0                       0                       0                       0                       0             
LS 2018C39000008032710/07/2018094914RGL5311013900108378509/07/201809/07/201809/07/201801500357Rgl/Facture 2584785 ESPECD4          1599ES00    0             0584785                   0                       0                       0                       0                       0             
LS 2018C39000008032710/07/2018094914AGR4111000000108378509/07/201809/07/201809/07/201801500358Rgl/Fact  2584786        C4          5148  00    0             0584786                   0                       0                       0                       0                       0             
LS 2018C39000008032710/07/2018094914RGL5311013900108378509/07/201809/07/201809/07/201801500358Rgl/Facture 2584786 CARTED4          5148CB00    0             0584786                   0                       0                       0                       0                       0             
LS 2018C39000008032710/07/2018094914AGR4111000000108378509/07/201809/07/201809/07/201801500359Rgl/Fact  2584787        C4          3047  00    0             0584787                   0                       0                       0                       0                       0             
LS 2018C39000008032710/07/2018094914RGL5311013900108378509/07/201809/07/201809/07/201801500359Rgl/Facture 2584787 CARTED4          3047CB00    0             0584787                   0                       0                       0                       0                       0             
LS 2018C39000008032710/07/2018094914AGR4111000000108378509/07/201809/07/201809/07/201801500360Rgl/Fact  2584788        C4          1799  00    0             0584788                   0                       0                       0                       0                       0             
LS 2018C39000008032710/07/2018094914RGL5311013900108378509/07/201809/07/201809/07/201801500360Rgl/Facture 2584788 CARTED4          1799CB00    0             0584788                   0                       0                       0                       0                       0             
LS 2018C39000008032710/07/2018094914AGR4111000000108378509/07/201809/07/201809/07/201801500361Rgl/Fact  2584789        C4          2624  00    0             0584789                   0                       0                       0                       0                       0             
LS 2018C39000008032710/07/2018094914RGL5311013900108378509/07/201809/07/201809/07/201801500361Rgl/Facture 2584789 CARTED4          2624CB00    0             0584789                   0                       0                       0                       0                       0             
LS 2018C39000008032710/07/2018094914AGR4111000000108378509/07/201809/07/201809/07/201801500362Rgl/Fact  2584790        C4          1450  00    0             0584790                   0                       0                       0                       0                       0             
LS 2018C39000008032710/07/2018094914RGL5311013900108378509/07/201809/07/201809/07/201801500362Rgl/Facture 2584790 CARTED4          1450CB00    0             0584790                   0                       0                       0                       0                       0             
LS 2018C39000008032710/07/2018094914AGR4111000000108378509/07/201809/07/201809/07/201801500363Rgl/Fact  2584791        C4          1499  00    0             0584791                   0                       0                       0                       0                       0             
LS 2018C39000008032710/07/2018094914RGL5311013900108378509/07/201809/07/201809/07/201801500363Rgl/Facture 2584791 CARTED4          1499CB00    0             0584791                   0                       0                       0                       0                       0             
LS 2018C39000008032710/07/2018094914AGR4111000000108378509/07/201809/07/201809/07/201801500364Rgl/Fact  2584792        C4          1370  00    0             0584792                   0                       0                       0                       0                       0             
LS 2018C39000008032710/07/2018094914RGL5311013900108378509/07/201809/07/201809/07/201801500364Rgl/Facture 2584792 CARTED4          1370CB00    0             0584792                   0                       0                       0                       0                       0             
LS 2018C39000008032710/07/2018094914AGR4111000000108378509/07/201809/07/201809/07/201801500365Rgl/Fact  2584793        C4          1214  00    0             0584793                   0                       0                       0                       0                       0             
LS 2018C39000008032710/07/2018094914RGL5311013900108378509/07/201809/07/201809/07/201801500365Rgl/Facture 2584793 CARTED4          1214CB00    0             0584793                   0                       0                       0                       0                       0             
LS 2018C39000008032710/07/2018094914AGR4111000000108378509/07/201809/07/201809/07/201801500366Rgl/Fact  2584794        C4          5479  00    0             0584794                   0                       0                       0                       0                       0             
LS 2018C39000008032710/07/2018094914RGL5311013900108378509/07/201809/07/201809/07/201801500366Rgl/Facture 2584794 CARTED4          5479CB00    0             0584794                   0                       0                       0                       0                       0             
LS 2018C39000008032710/07/2018094914AGR4111000000108378509/07/201809/07/201809/07/201801500367Rgl/Fact  2584795        C4          1016  00    0             0584795                   0                       0                       0                       0                       0             
LS 2018C39000008032710/07/2018094914RGL5311013900108378509/07/201809/07/201809/07/201801500367Rgl/Facture 2584795 CARTED4          1016CB00    0             0584795                   0                       0                       0                       0                       0             
LS 2018C39000008032710/07/2018094914AGR4111000000108378509/07/201809/07/201809/07/201801500368Rgl/Avoir  2584796       D4          1599  00    0             0584796                   0                       0                       0                       0                       0             
LS 2018C39000008032710/07/2018094914RGL4197000000108378509/07/201809/07/201809/07/201801500368Rgl/Facture 2584796 AVOIRC4          1599BA00    0             0584796                   0                       0                       0                       0                       0             
LS 2018C39000008032710/07/2018094914AGR4111000000108378509/07/201809/07/201809/07/201801500369Rgl/Fact  2584797        C4          4398  00    0             0584797                   0                       0                       0                       0                       0             
LS 2018C39000008032710/07/2018094914RGL4197000000108378509/07/201809/07/201809/07/201801500369Rgl/Facture 2584796 AVOIRD4          1599AV00    0             0584797                   0                       0                       0                       0                       0             
LS 2018C39000008032710/07/2018094914RGL5311013900108378509/07/201809/07/201809/07/201801500369Rgl/Facture 2584797 CARTED4          2799CB00    0             0584797                   0                       0                       0                       0                       0             
LS 2018C39000008032710/07/2018094914AGR4111000000108378509/07/201809/07/201809/07/201801500370Rgl/Fact  2584798        C4           299  00    0             0584798                   0                       0                       0                       0                       0             
LS 2018C39000008032710/07/2018094914RGL5311013900108378509/07/201809/07/201809/07/201801500370Rgl/Facture 2584798 ESPECD4           299ES00    0             0584798                   0                       0                       0                       0                       0             
LS 2018C39000008032710/07/2018094914AGR4111000000108378509/07/201809/07/201809/07/201801500371Rgl/Fact  2584799        C4          2750  00    0             0584799                   0                       0                       0                       0                       0             
LS 2018C39000008032710/07/2018094914RGL5311013900108378509/07/201809/07/201809/07/201801500371Rgl/Facture 2584799 CARTED4          2750CB00    0             0584799                   0                       0                       0                       0                       0             
LS 2018C39000008032710/07/2018094914AGR4111000000108378509/07/201809/07/201809/07/201801500372Rgl/Fact  2584800        C4           558  00    0             0584800                   0                       0                       0                       0                       0             
LS 2018C39000008032710/07/2018094914RGL5311013900108378509/07/201809/07/201809/07/201801500372Rgl/Facture 2584800 ESPECD4           558ES00    0             0584800                   0                       0                       0                       0                       0             
LS 2018C39000008032710/07/2018094914AGR4111000000108378509/07/201809/07/201809/07/201801500373Rgl/Fact  2584801        C4          1999  00    0             0584801                   0                       0                       0                       0                       0             
LS 2018C39000008032710/07/2018094914RGL5311013900108378509/07/201809/07/201809/07/201801500373Rgl/Facture 2584801 CARTED4          1999CB00    0             0584801                   0                       0                       0                       0                       0             
LS 2018C39000008032710/07/2018094914AGR4111000000108378509/07/201809/07/201809/07/201801500374Rgl/Fact  2584802        C4           490  00    0             0584802                   0                       0                       0                       0                       0             
LS 2018C39000008032710/07/2018094914RGL5311013900108378509/07/201809/07/201809/07/201801500374Rgl/Facture 2584802 ESPECD4           490ES00    0             0584802                   0                       0                       0                       0                       0             
LS 2018C39000008032710/07/2018094914AGR4111000000108378509/07/201809/07/201809/07/201801500375Rgl/Fact  2584803        C4            49  00    0             0584803                   0                       0                       0                       0                       0             
LS 2018C39000008032710/07/2018094914RGL5311013900108378509/07/201809/07/201809/07/201801500375Rgl/Facture 2584803 ESPECD4            49ES00    0             0584803                   0                       0                       0                       0                       0             
LS 2018C39000008032710/07/2018094914AGR4111000000108378509/07/201809/07/201809/07/201801500376Rgl/Fact  2584804        C4           949  00    0             0584804                   0                       0                       0                       0                       0             
LS 2018C39000008032710/07/2018094914RGL5311013900108378509/07/201809/07/201809/07/201801500376Rgl/Facture 2584804 ESPECD4           949ES00    0             0584804                   0                       0                       0                       0                       0             
LS 2018C39000008032710/07/2018094914AGR4111000000108378509/07/201809/07/201809/07/201801500377Rgl/Fact  2584805        C4           849  00    0             0584805                   0                       0                       0                       0                       0             
LS 2018C39000008032710/07/2018094914RGL5311013900108378509/07/201809/07/201809/07/201801500377Rgl/Facture 2584805 CARTED4           849CB00    0             0584805                   0                       0                       0                       0                       0             
LS 2018C39000008032710/07/2018094914AGR4111000000108378509/07/201809/07/201809/07/201801500378Rgl/Fact  2584806        C4           349  00    0             0584806                   0                       0                       0                       0                       0             
LS 2018C39000008032710/07/2018094914RGL5311013900108378509/07/201809/07/201809/07/201801500378Rgl/Facture 2584806 ESPECD4           349ES00    0             0584806                   0                       0                       0                       0                       0             
LS 2018C39000008032710/07/2018094914AGR4111000000108378509/07/201809/07/201809/07/201801500379Rgl/Fact  2584807        C4          1940  00    0             0584807                   0                       0                       0                       0                       0             
LS 2018C39000008032710/07/2018094914RGL5311013900108378509/07/201809/07/201809/07/201801500379Rgl/Facture 2584807 CARTED4          1940CB00    0             0584807                   0                       0                       0                       0                       0             
LS 2018C39000008032710/07/2018094914AGR4111000000108378509/07/201809/07/201809/07/201801500380Rgl/Avoir  2584808       D4           949  00    0             0584808                   0                       0                       0                       0                       0             
LS 2018C39000008032710/07/2018094914RGL4197000000108378509/07/201809/07/201809/07/201801500380Rgl/Facture 2584808 AVOIRC4           949BA00    0             0584808                   0                       0                       0                       0                       0             
LS 2018C39000008032710/07/2018094914AGR4111000000108378509/07/201809/07/201809/07/201801500381Rgl/Fact  2584809        C4           879  00    0             0584809                   0                       0                       0                       0                       0             
LS 2018C39000008032710/07/2018094914RGL5311013900108378509/07/201809/07/201809/07/201801500381Rgl/Facture 2584809 CARTED4           879CB00    0             0584809                   0                       0                       0                       0                       0             
LS 2018C39000008032710/07/2018094914AGR4111000000108378509/07/201809/07/201809/07/201801500382Rgl/Fact  2584810        C4          3999  00    0             0584810                   0                       0                       0                       0                       0             
LS 2018C39000008032710/07/2018094914RGL5311013900108378509/07/201809/07/201809/07/201801500382Rgl/Facture 2584810 CARTED4          3999CB00    0             0584810                   0                       0                       0                       0                       0             
LS 2018C39000008032710/07/2018094914AGR4111000000108378509/07/201809/07/201809/07/201801500383Rgl/Fact  2584811        C4          3199  00    0             0584811                   0                       0                       0                       0                       0             
LS 2018C39000008032710/07/2018094914RGL5311013900108378509/07/201809/07/201809/07/201801500383Rgl/Facture 2584811 CARTED4          3199CB00    0             0584811                   0                       0                       0                       0                       0             
LS 2018C39000008032710/07/2018094914AGR4111000000108378509/07/201809/07/201809/07/201801500384Rgl/Fact  2584812        C4           299  00    0             0584812                   0                       0                       0                       0                       0             
LS 2018C39000008032710/07/2018094914RGL5311013900108378509/07/201809/07/201809/07/201801500384Rgl/Facture 2584812 ESPECD4           299ES00    0             0584812                   0                       0                       0                       0                       0             
LS 2018C39000008032710/07/2018094914AGR4111000000108378509/07/201809/07/201809/07/201801500385Rgl/Fact  2584813        C4          2099  00    0             0584813                   0                       0                       0                       0                       0             
LS 2018C39000008032710/07/2018094914RGL5311013900108378509/07/201809/07/201809/07/201801500385Rgl/Facture 2584813 CARTED4          2099CB00    0             0584813                   0                       0                       0                       0                       0             
LS 2018C39000008032710/07/2018094914AGR4111000000108378509/07/201809/07/201809/07/201801500386Rgl/Fact  2584814        C4           999  00    0             0584814                   0                       0                       0                       0                       0             
LS 2018C39000008032710/07/2018094914RGL5311013900108378509/07/201809/07/201809/07/201801500386Rgl/Facture 2584814 CARTED4           999CB00    0             0584814                   0                       0                       0                       0                       0             
LS 2018C39000008032710/07/2018094914AGR4111000000108378509/07/201809/07/201809/07/201801500387Rgl/Fact  2584815        C4           466  00    0             0584815                   0                       0                       0                       0                       0             
LS 2018C39000008032710/07/2018094914RGL5311013900108378509/07/201809/07/201809/07/201801500387Rgl/Facture 2584815 ESPECD4           466ES00    0             0584815                   0                       0                       0                       0                       0             
LS 2018C39000008032710/07/2018094914AGR4111000000108378509/07/201809/07/201809/07/201801500388Rgl/Fact  2584816        C4           799  00    0             0584816                   0                       0                       0                       0                       0             
LS 2018C39000008032710/07/2018094914RGL5311013900108378509/07/201809/07/201809/07/201801500388Rgl/Facture 2584816 CARTED4           799CB00    0             0584816                   0                       0                       0                       0                       0             
LS 2018C39000008032710/07/2018094914AGR4111000000108378509/07/201809/07/201809/07/201801500389Rgl/Fact  2584817        C4          3070  00    0             0584817                   0                       0                       0                       0                       0             
LS 2018C39000008032710/07/2018094914RGL5311013900108378509/07/201809/07/201809/07/201801500389Rgl/Facture 2584817 ESPECD4          3070ES00    0             0584817                   0                       0                       0                       0                       0             
LS 2018C39000008032710/07/2018094914AGR4111000000108378509/07/201809/07/201809/07/201801500390Rgl/Avoir  2584818       D4          1290  00    0             0584818                   0                       0                       0                       0                       0             
LS 2018C39000008032710/07/2018094914RGL5311013900108378509/07/201809/07/201809/07/201801500390Rgl/Facture 2584818 CARTEC4          1290CB00    0             0584818                   0                       0                       0                       0                       0             
LS 2018C39000008032710/07/2018094914AGR4111000000108378509/07/201809/07/201809/07/201801500391Rgl/Fact  2584819        C4           995  00    0             0584819                   0                       0                       0                       0                       0             
LS 2018C39000008032710/07/2018094914RGL5311013900108378509/07/201809/07/201809/07/201801500391Rgl/Facture 2584819 ESPECD4           995ES00    0             0584819                   0                       0                       0                       0                       0             
LS 2018C39000008032710/07/2018094914AGR4111000000108378509/07/201809/07/201809/07/201801500392Rgl/Fact  2584820        C4           279  00    0             0584820                   0                       0                       0                       0                       0             
LS 2018C39000008032710/07/2018094914RGL5311013900108378509/07/201809/07/201809/07/201801500392Rgl/Facture 2584820 ESPECD4           279ES00    0             0584820                   0                       0                       0                       0                       0             
LS 2018C39000008032710/07/2018094914AGR4111000000108378509/07/201809/07/201809/07/201801500393Rgl/Fact  2584821        C4          4035  00    0             0584821                   0                       0                       0                       0                       0             
LS 2018C39000008032710/07/2018094914RGL5311013900108378509/07/201809/07/201809/07/201801500393Rgl/Facture 2584821 CARTED4          4035CB00    0             0584821                   0                       0                       0                       0                       0             
LS 2018C39000008032710/07/2018094914AGR4111000000108378509/07/201809/07/201809/07/201801500394Rgl/Fact  2584822        C4          1128  00    0             0584822                   0                       0                       0                       0                       0             
LS 2018C39000008032710/07/2018094914RGL5311013900108378509/07/201809/07/201809/07/201801500394Rgl/Facture 2584822 ESPECD4          1128ES00    0             0584822                   0                       0                       0                       0                       0             
LS 2018C39000008032710/07/2018094914AGR4111000002210078209/07/201809/07/201809/07/201801500332Rgl/Fact  2584760        C4          1484  00    0             0584760                   0                       0                       0                       0                       0             
LS 2018C39000008032710/07/2018094914RGL5311013902210078209/07/201809/07/201809/07/201801500332Rgl/Facture 2584760 CARTED4          1484CB00    0             0584760                   0                       0                       0                       0                       0             
LS 2018C39000008032710/07/2018094914RGL5820000001083785 09/07/201809/07/201809/07/201801500396139/Remise CH  0849039   D4          2380CH00    0             0849039                   0                       0                       0                       0                       0             
LS 2018C39000008032710/07/2018094914RGL531101390        09/07/201809/07/201809/07/201801500396139/Remise CH  0849039 CHC4          2380CH00    0             0849039                   0                       0                       0                       0                       0             
LS 2018C39000008032710/07/2018094914AGR5840000001083785 09/07/201809/07/201809/07/201801500397Remise CR                D4          1000  00    0             0000000                   0                       0                       0                       0                       0             
LS 2018C39000008032710/07/2018094914RGL531101390        09/07/201809/07/201809/07/201801500397Remise CR   SOGEC        C4          1000CR00    0             0000000                   0                       0                       0                       0                       0             
LS 2018C39000008032710/07/2018094914RGL5830000001083785 09/07/201809/07/201809/07/201801500400139/Remise CB            D4        244148CB00    0             0000000                   0                       0                       0                       0                       0             
LS 2018C39000008032710/07/2018094914RGL531101390        09/07/201809/07/201809/07/201801500400139/Remise CB   CARTE    C4        244148CB00    0             0000000                   0                       0                       0                       0                       0             
