LS 2018C17000008032010/07/2018094902AGR4111000000108374009/07/201809/07/201809/07/201801893334Rgl/Fact  1877262        C4           879  00    0             0877262                   0                       0                       0                       0                       0             
LS 2018C17000008032010/07/2018094902RGL5311011700108374009/07/201809/07/201809/07/201801893334Rgl/Facture 1877262 ESPECD4           879ES00    0             0877262                   0                       0                       0                       0                       0             
LS 2018C17000008032010/07/2018094902AGR4111000000108374009/07/201809/07/201809/07/201801893335Rgl/Fact  1877263        C4          2678  00    0             0877263                   0                       0                       0                       0                       0             
LS 2018C17000008032010/07/2018094902RGL5311011700108374009/07/201809/07/201809/07/201801893335Rgl/Facture 1877263 CARTED4          2678CB00    0             0877263                   0                       0                       0                       0                       0             
LS 2018C17000008032010/07/2018094902AGR4111000000108374009/07/201809/07/201809/07/201801893336Rgl/Fact  1877264        C4          4944  00    0             0877264                   0                       0                       0                       0                       0             
LS 2018C17000008032010/07/2018094902RGL5311011700108374009/07/201809/07/201809/07/201801893336Rgl/Facture 1877264 CARTED4          4944CB00    0             0877264                   0                       0                       0                       0                       0             
LS 2018C17000008032010/07/2018094902AGR4111000000108374009/07/201809/07/201809/07/201801893337Rgl/Fact  1877265        C4          3399  00    0             0877265                   0                       0                       0                       0                       0             
LS 2018C17000008032010/07/2018094902RGL5311011700108374009/07/201809/07/201809/07/201801893337Rgl/Facture 1877265 CARTED4          3399CB00    0             0877265                   0                       0                       0                       0                       0             
LS 2018C17000008032010/07/2018094902AGR4111000000108374009/07/201809/07/201809/07/201801893338Rgl/Fact  1877266        C4          3737  00    0             0877266                   0                       0                       0                       0                       0             
LS 2018C17000008032010/07/2018094902RGL5311011700108374009/07/201809/07/201809/07/201801893338Rgl/Facture 1877266 ESPECD4          3737ES00    0             0877266                   0                       0                       0                       0                       0             
LS 2018C17000008032010/07/2018094902AGR4111000000108374009/07/201809/07/201809/07/201801893339Rgl/Fact  1877267        C4          1280  00    0             0877267                   0                       0                       0                       0                       0             
LS 2018C17000008032010/07/2018094902RGL5311011700108374009/07/201809/07/201809/07/201801893339Rgl/Facture 1877267 ESPECD4          1280ES00    0             0877267                   0                       0                       0                       0                       0             
LS 2018C17000008032010/07/2018094902AGR4111000000108374009/07/201809/07/201809/07/201801893340Rgl/Fact  1877268        C4           125  00    0             0877268                   0                       0                       0                       0                       0             
LS 2018C17000008032010/07/2018094902RGL5311011700108374009/07/201809/07/201809/07/201801893340Rgl/Facture 1877268 ESPECD4           125ES00    0             0877268                   0                       0                       0                       0                       0             
LS 2018C17000008032010/07/2018094902AGR4111000000108374009/07/201809/07/201809/07/201801893341Rgl/Fact  1877269        C4           549  00    0             0877269                   0                       0                       0                       0                       0             
LS 2018C17000008032010/07/2018094902RGL5311011700108374009/07/201809/07/201809/07/201801893341Rgl/Facture 1877269 ESPECD4           549ES00    0             0877269                   0                       0                       0                       0                       0             
LS 2018C17000008032010/07/2018094903AGR4111000000108374009/07/201809/07/201809/07/201801893342Rgl/Fact  1877270        C4          1499  00    0             0877270                   0                       0                       0                       0                       0             
LS 2018C17000008032010/07/2018094903RGL5311011700108374009/07/201809/07/201809/07/201801893342Rgl/Facture 1877270 ESPECD4          1499ES00    0             0877270                   0                       0                       0                       0                       0             
LS 2018C17000008032010/07/2018094903AGR4111000000108374009/07/201809/07/201809/07/201801893343Rgl/Fact  1877271        C4           759  00    0             0877271                   0                       0                       0                       0                       0             
LS 2018C17000008032010/07/2018094903RGL5311011700108374009/07/201809/07/201809/07/201801893343Rgl/Facture 1877271 CARTED4           759CB00    0             0877271                   0                       0                       0                       0                       0             
LS 2018C17000008032010/07/2018094903AGR4111000000108374009/07/201809/07/201809/07/201801893344Rgl/Fact  1877272        C4          1115  00    0             0877272                   0                       0                       0                       0                       0             
LS 2018C17000008032010/07/2018094903RGL5311011700108374009/07/201809/07/201809/07/201801893344Rgl/Facture 1877272 CARTED4          1115CB00    0             0877272                   0                       0                       0                       0                       0             
LS 2018C17000008032010/07/2018094903AGR4111000000108374009/07/201809/07/201809/07/201801893345Rgl/Fact  1877273        C4          1535  00    0             0877273                   0                       0                       0                       0                       0             
LS 2018C17000008032010/07/2018094903RGL5311011700108374009/07/201809/07/201809/07/201801893345Rgl/Facture 1877273 CARTED4          1535CB00    0             0877273                   0                       0                       0                       0                       0             
LS 2018C17000008032010/07/2018094903AGR4111000000108374009/07/201809/07/201809/07/201801893346Rgl/Fact  1877274        C4           259  00    0             0877274                   0                       0                       0                       0                       0             
LS 2018C17000008032010/07/2018094903RGL5311011700108374009/07/201809/07/201809/07/201801893346Rgl/Facture 1877274 ESPECD4           259ES00    0             0877274                   0                       0                       0                       0                       0             
LS 2018C17000008032010/07/2018094903AGR4111000000108374009/07/201809/07/201809/07/201801893347Rgl/Fact  1877275        C4          1660  00    0             0877275                   0                       0                       0                       0                       0             
LS 2018C17000008032010/07/2018094903RGL5311011700108374009/07/201809/07/201809/07/201801893347Rgl/Facture 1877275 CHEQUD4          1660CH00    0             0877275                   0                       0                       0                       0                       0             
LS 2018C17000008032010/07/2018094903AGR4111000000108374009/07/201809/07/201809/07/201801893348Rgl/Fact  1877276        C4          6315  00    0             0877276                   0                       0                       0                       0                       0             
LS 2018C17000008032010/07/2018094903RGL5311011700108374009/07/201809/07/201809/07/201801893348Rgl/Facture 1877276 CARTED4          6315CB00    0             0877276                   0                       0                       0                       0                       0             
LS 2018C17000008032010/07/2018094903AGR4111000000108374009/07/201809/07/201809/07/201801893349Rgl/Fact  1877277        C4           999  00    0             0877277                   0                       0                       0                       0                       0             
LS 2018C17000008032010/07/2018094903RGL5311011700108374009/07/201809/07/201809/07/201801893349Rgl/Facture 1877277 ESPECD4           999ES00    0             0877277                   0                       0                       0                       0                       0             
LS 2018C17000008032010/07/2018094903AGR4111000000108374009/07/201809/07/201809/07/201801893350Rgl/Fact  1877278        C4          3399  00    0             0877278                   0                       0                       0                       0                       0             
LS 2018C17000008032010/07/2018094903RGL5311011700108374009/07/201809/07/201809/07/201801893350Rgl/Facture 1877278 CARTED4          3399CB00    0             0877278                   0                       0                       0                       0                       0             
LS 2018C17000008032010/07/2018094903AGR4111000000108374009/07/201809/07/201809/07/201801893351Rgl/Fact  1877279        C4           999  00    0             0877279                   0                       0                       0                       0                       0             
LS 2018C17000008032010/07/2018094903RGL5311011700108374009/07/201809/07/201809/07/201801893351Rgl/Facture 1877279 CARTED4           999CB00    0             0877279                   0                       0                       0                       0                       0             
LS 2018C17000008032010/07/2018094903AGR4111000000108374009/07/201809/07/201809/07/201801893352Rgl/Fact  1877280        C4          4298  00    0             0877280                   0                       0                       0                       0                       0             
LS 2018C17000008032010/07/2018094903RGL5311011700108374009/07/201809/07/201809/07/201801893352Rgl/Facture 1877280 CARTED4          4298CB00    0             0877280                   0                       0                       0                       0                       0             
LS 2018C17000008032010/07/2018094903AGR4111000000108374009/07/201809/07/201809/07/201801893353Rgl/Fact  1877281        C4          1596  00    0             0877281                   0                       0                       0                       0                       0             
LS 2018C17000008032010/07/2018094903RGL5311011700108374009/07/201809/07/201809/07/201801893353Rgl/Facture 1877281 CARTED4          1596CB00    0             0877281                   0                       0                       0                       0                       0             
LS 2018C17000008032010/07/2018094903AGR4111000000108374009/07/201809/07/201809/07/201801893354Rgl/Fact  1877282        C4          2099  00    0             0877282                   0                       0                       0                       0                       0             
LS 2018C17000008032010/07/2018094903RGL5311011700108374009/07/201809/07/201809/07/201801893354Rgl/Facture 1877282 CARTED4          2099CB00    0             0877282                   0                       0                       0                       0                       0             
LS 2018C17000008032010/07/2018094903AGR4111000000108374009/07/201809/07/201809/07/201801893355Rgl/Fact  1877283        C4           590  00    0             0877283                   0                       0                       0                       0                       0             
LS 2018C17000008032010/07/2018094903RGL5311011700108374009/07/201809/07/201809/07/201801893355Rgl/Facture 1877283 ESPECD4           590ES00    0             0877283                   0                       0                       0                       0                       0             
LS 2018C17000008032010/07/2018094903AGR4111000000108374009/07/201809/07/201809/07/201801893356Rgl/Fact  1877284        C4          1349  00    0             0877284                   0                       0                       0                       0                       0             
LS 2018C17000008032010/07/2018094903RGL5311011700108374009/07/201809/07/201809/07/201801893356Rgl/Facture 1877284 CARTED4          1349CB00    0             0877284                   0                       0                       0                       0                       0             
LS 2018C17000008032010/07/2018094903AGR4111000000108374009/07/201809/07/201809/07/201801893357Rgl/Fact  1877285        C4          4665  00    0             0877285                   0                       0                       0                       0                       0             
LS 2018C17000008032010/07/2018094903RGL5311011700108374009/07/201809/07/201809/07/201801893357Rgl/Facture 1877285 CARTED4          4665CB00    0             0877285                   0                       0                       0                       0                       0             
LS 2018C17000008032010/07/2018094903AGR4111000000108374009/07/201809/07/201809/07/201801893358Rgl/Fact  1877286        C4          8631  00    0             0877286                   0                       0                       0                       0                       0             
LS 2018C17000008032010/07/2018094903RGL5311011700108374009/07/201809/07/201809/07/201801893358Rgl/Facture 1877286 CARTED4          8631CB00    0             0877286                   0                       0                       0                       0                       0             
LS 2018C17000008032010/07/2018094903AGR4111000000108374009/07/201809/07/201809/07/201801893359Rgl/Fact  1877287        C4          4597  00    0             0877287                   0                       0                       0                       0                       0             
LS 2018C17000008032010/07/2018094903RGL5311011700108374009/07/201809/07/201809/07/201801893359Rgl/Facture 1877287 ESPECD4          4597ES00    0             0877287                   0                       0                       0                       0                       0             
LS 2018C17000008032010/07/2018094903AGR4111000000108374009/07/201809/07/201809/07/201801893360Rgl/Fact  1877288        C4          2347  00    0             0877288                   0                       0                       0                       0                       0             
LS 2018C17000008032010/07/2018094903RGL5311011700108374009/07/201809/07/201809/07/201801893360Rgl/Facture 1877288 ESPECD4          2347ES00    0             0877288                   0                       0                       0                       0                       0             
LS 2018C17000008032010/07/2018094903AGR4111000000108374009/07/201809/07/201809/07/201801893361Rgl/Fact  1877289        C4          8105  00    0             0877289                   0                       0                       0                       0                       0             
LS 2018C17000008032010/07/2018094903RGL5311011700108374009/07/201809/07/201809/07/201801893361Rgl/Facture 1877289 CARTED4          7705CB00    0             0877289                   0                       0                       0                       0                       0             
LS 2018C17000008032010/07/2018094903RGL5311011700108374009/07/201809/07/201809/07/201801893361Rgl/Facture 1877289 SOGECD4           400CR00    0             0877289                   0                       0                       0                       0                       0             
LS 2018C17000008032010/07/2018094903AGR4111000000108374009/07/201809/07/201809/07/201801893362Rgl/Fact  1877290        C4          4299  00    0             0877290                   0                       0                       0                       0                       0             
LS 2018C17000008032010/07/2018094903RGL5311011700108374009/07/201809/07/201809/07/201801893362Rgl/Facture 1877290 CARTED4          4299CB00    0             0877290                   0                       0                       0                       0                       0             
LS 2018C17000008032010/07/2018094903AGR4111000000108374009/07/201809/07/201809/07/201801893363Rgl/Fact  1877291        C4          4526  00    0             0877291                   0                       0                       0                       0                       0             
LS 2018C17000008032010/07/2018094903RGL5311011700108374009/07/201809/07/201809/07/201801893363Rgl/Facture 1877291 CARTED4          4526CB00    0             0877291                   0                       0                       0                       0                       0             
LS 2018C17000008032010/07/2018094903AGR4111000000108374009/07/201809/07/201809/07/201801893364Rgl/Fact  1877292        C4          2874  00    0             0877292                   0                       0                       0                       0                       0             
LS 2018C17000008032010/07/2018094903RGL5311011700108374009/07/201809/07/201809/07/201801893364Rgl/Facture 1877292 CARTED4          2874CB00    0             0877292                   0                       0                       0                       0                       0             
LS 2018C17000008032010/07/2018094903AGR4111000000108374009/07/201809/07/201809/07/201801893365Rgl/Fact  1877293        C4          4027  00    0             0877293                   0                       0                       0                       0                       0             
LS 2018C17000008032010/07/2018094903RGL5311011700108374009/07/201809/07/201809/07/201801893365Rgl/Facture 1877293 ESPECD4          4027ES00    0             0877293                   0                       0                       0                       0                       0             
LS 2018C17000008032010/07/2018094903AGR4111000000108374009/07/201809/07/201809/07/201801893366Rgl/Fact  1877294        C4           398  00    0             0877294                   0                       0                       0                       0                       0             
LS 2018C17000008032010/07/2018094903RGL5311011700108374009/07/201809/07/201809/07/201801893366Rgl/Facture 1877294 ESPECD4           398ES00    0             0877294                   0                       0                       0                       0                       0             
LS 2018C17000008032010/07/2018094903AGR4111000000108374009/07/201809/07/201809/07/201801893367Rgl/Fact  1877295        C4           449  00    0             0877295                   0                       0                       0                       0                       0             
LS 2018C17000008032010/07/2018094903RGL5311011700108374009/07/201809/07/201809/07/201801893367Rgl/Facture 1877295 ESPECD4           449ES00    0             0877295                   0                       0                       0                       0                       0             
LS 2018C17000008032010/07/2018094903AGR4111000000108374009/07/201809/07/201809/07/201801893368Rgl/Fact  1877296        C4           979  00    0             0877296                   0                       0                       0                       0                       0             
LS 2018C17000008032010/07/2018094903RGL5311011700108374009/07/201809/07/201809/07/201801893368Rgl/Facture 1877296 ESPECD4           979ES00    0             0877296                   0                       0                       0                       0                       0             
LS 2018C17000008032010/07/2018094903AGR4111000000108374009/07/201809/07/201809/07/201801893369Rgl/Fact  1877297        C4          2308  00    0             0877297                   0                       0                       0                       0                       0             
LS 2018C17000008032010/07/2018094903RGL5311011700108374009/07/201809/07/201809/07/201801893369Rgl/Facture 1877297 CARTED4          2308CB00    0             0877297                   0                       0                       0                       0                       0             
LS 2018C17000008032010/07/2018094903AGR4111000000108374009/07/201809/07/201809/07/201801893370Rgl/Fact  1877298        C4          4389  00    0             0877298                   0                       0                       0                       0                       0             
LS 2018C17000008032010/07/2018094903RGL5311011700108374009/07/201809/07/201809/07/201801893370Rgl/Facture 1877298 ESPECD4          4389ES00    0             0877298                   0                       0                       0                       0                       0             
LS 2018C17000008032010/07/2018094903AGR4111000000108374009/07/201809/07/201809/07/201801893371Rgl/Fact  1877299        C4          4759  00    0             0877299                   0                       0                       0                       0                       0             
LS 2018C17000008032010/07/2018094903RGL5311011700108374009/07/201809/07/201809/07/201801893371Rgl/Facture 1877299 CARTED4          4759CB00    0             0877299                   0                       0                       0                       0                       0             
LS 2018C17000008032010/07/2018094903AGR4111000000108374009/07/201809/07/201809/07/201801893372Rgl/Fact  1877300        C4          7740  00    0             0877300                   0                       0                       0                       0                       0             
LS 2018C17000008032010/07/2018094903RGL5311011700108374009/07/201809/07/201809/07/201801893372Rgl/Facture 1877300 CARTED4          7740CB00    0             0877300                   0                       0                       0                       0                       0             
LS 2018C17000008032010/07/2018094903AGR4111000000108374009/07/201809/07/201809/07/201801893373Rgl/Fact  1877301        C4          1998  00    0             0877301                   0                       0                       0                       0                       0             
LS 2018C17000008032010/07/2018094903RGL5311011700108374009/07/201809/07/201809/07/201801893373Rgl/Facture 1877301 ESPECD4          1998ES00    0             0877301                   0                       0                       0                       0                       0             
LS 2018C17000008032010/07/2018094903AGR4111000000108374009/07/201809/07/201809/07/201801893374Rgl/Fact  1877302        C4          3498  00    0             0877302                   0                       0                       0                       0                       0             
LS 2018C17000008032010/07/2018094903RGL5311011700108374009/07/201809/07/201809/07/201801893374Rgl/Facture 1877302 CARTED4          3498CB00    0             0877302                   0                       0                       0                       0                       0             
LS 2018C17000008032010/07/2018094903AGR4111000000108374009/07/201809/07/201809/07/201801893375Rgl/Fact  1877303        C4          2789  00    0             0877303                   0                       0                       0                       0                       0             
LS 2018C17000008032010/07/2018094903RGL5311011700108374009/07/201809/07/201809/07/201801893375Rgl/Facture 1877303 CARTED4          2789CB00    0             0877303                   0                       0                       0                       0                       0             
LS 2018C17000008032010/07/2018094903AGR4111000000108374009/07/201809/07/201809/07/201801893376Rgl/Fact  1877304        C4           739  00    0             0877304                   0                       0                       0                       0                       0             
LS 2018C17000008032010/07/2018094903RGL5311011700108374009/07/201809/07/201809/07/201801893376Rgl/Facture 1877304 CARTED4           739CB00    0             0877304                   0                       0                       0                       0                       0             
LS 2018C17000008032010/07/2018094903AGR4111000000108374009/07/201809/07/201809/07/201801893377Rgl/Fact  1877305        C4           399  00    0             0877305                   0                       0                       0                       0                       0             
LS 2018C17000008032010/07/2018094903RGL5311011700108374009/07/201809/07/201809/07/201801893377Rgl/Facture 1877305 ESPECD4           399ES00    0             0877305                   0                       0                       0                       0                       0             
LS 2018C17000008032010/07/2018094903AGR4111000000108374009/07/201809/07/201809/07/201801893378Rgl/Fact  1877306        C4          2203  00    0             0877306                   0                       0                       0                       0                       0             
LS 2018C17000008032010/07/2018094903RGL5311011700108374009/07/201809/07/201809/07/201801893378Rgl/Facture 1877306 ESPECD4          2203ES00    0             0877306                   0                       0                       0                       0                       0             
LS 2018C17000008032010/07/2018094903AGR4111000000108374009/07/201809/07/201809/07/201801893379Rgl/Fact  1877307        C4           729  00    0             0877307                   0                       0                       0                       0                       0             
LS 2018C17000008032010/07/2018094903RGL5311011700108374009/07/201809/07/201809/07/201801893379Rgl/Facture 1877307 ESPECD4           729ES00    0             0877307                   0                       0                       0                       0                       0             
LS 2018C17000008032010/07/2018094903AGR4111000000108374009/07/201809/07/201809/07/201801893380Rgl/Fact  1877308        C4           599  00    0             0877308                   0                       0                       0                       0                       0             
LS 2018C17000008032010/07/2018094903RGL5311011700108374009/07/201809/07/201809/07/201801893380Rgl/Facture 1877308 ESPECD4           599ES00    0             0877308                   0                       0                       0                       0                       0             
LS 2018C17000008032010/07/2018094903AGR4111000000108374009/07/201809/07/201809/07/201801893381Rgl/Fact  1877309        C4          4490  00    0             0877309                   0                       0                       0                       0                       0             
LS 2018C17000008032010/07/2018094903RGL5311011700108374009/07/201809/07/201809/07/201801893381Rgl/Facture 1877309 CARTED4          4490CB00    0             0877309                   0                       0                       0                       0                       0             
LS 2018C17000008032010/07/2018094903AGR4111000000108374009/07/201809/07/201809/07/201801893382Rgl/Fact  1877310        C4          1049  00    0             0877310                   0                       0                       0                       0                       0             
LS 2018C17000008032010/07/2018094903RGL5311011700108374009/07/201809/07/201809/07/201801893382Rgl/Facture 1877310 CARTED4          1049CB00    0             0877310                   0                       0                       0                       0                       0             
LS 2018C17000008032010/07/2018094903AGR4111000000108374009/07/201809/07/201809/07/201801893383Rgl/Fact  1877311        C4           299  00    0             0877311                   0                       0                       0                       0                       0             
LS 2018C17000008032010/07/2018094903RGL5311011700108374009/07/201809/07/201809/07/201801893383Rgl/Facture 1877311 CARTED4           299CB00    0             0877311                   0                       0                       0                       0                       0             
LS 2018C17000008032010/07/2018094903AGR4111000000108374009/07/201809/07/201809/07/201801893384Rgl/Fact  1877312        C4          2985  00    0             0877312                   0                       0                       0                       0                       0             
LS 2018C17000008032010/07/2018094903RGL5311011700108374009/07/201809/07/201809/07/201801893384Rgl/Facture 1877312 CARTED4          2985CB00    0             0877312                   0                       0                       0                       0                       0             
LS 2018C17000008032010/07/2018094903AGR4111000000108374009/07/201809/07/201809/07/201801893385Rgl/Fact  1877313        C4          1510  00    0             0877313                   0                       0                       0                       0                       0             
LS 2018C17000008032010/07/2018094903RGL5311011700108374009/07/201809/07/201809/07/201801893385Rgl/Facture 1877313 CARTED4          1510CB00    0             0877313                   0                       0                       0                       0                       0             
LS 2018C17000008032010/07/2018094903AGR4111000000108374009/07/201809/07/201809/07/201801893386Rgl/Fact  1877314        C4           349  00    0             0877314                   0                       0                       0                       0                       0             
LS 2018C17000008032010/07/2018094903RGL5311011700108374009/07/201809/07/201809/07/201801893386Rgl/Facture 1877314 ESPECD4           349ES00    0             0877314                   0                       0                       0                       0                       0             
LS 2018C17000008032010/07/2018094903AGR4111000000108374009/07/201809/07/201809/07/201801893387Rgl/Fact  1877315        C4         11758  00    0             0877315                   0                       0                       0                       0                       0             
LS 2018C17000008032010/07/2018094903RGL5311011700108374009/07/201809/07/201809/07/201801893387Rgl/Facture 1877315 ESPECD4         11758ES00    0             0877315                   0                       0                       0                       0                       0             
LS 2018C17000008032010/07/2018094903AGR4111000000108374009/07/201809/07/201809/07/201801893388Rgl/Fact  1877316        C4          1599  00    0             0877316                   0                       0                       0                       0                       0             
LS 2018C17000008032010/07/2018094903RGL5311011700108374009/07/201809/07/201809/07/201801893388Rgl/Facture 1877316 CARTED4          1599CB00    0             0877316                   0                       0                       0                       0                       0             
LS 2018C17000008032010/07/2018094903AGR4111000000108374009/07/201809/07/201809/07/201801893389Rgl/Fact  1877317        C4           590  00    0             0877317                   0                       0                       0                       0                       0             
LS 2018C17000008032010/07/2018094903RGL5311011700108374009/07/201809/07/201809/07/201801893389Rgl/Facture 1877317 ESPECD4           590ES00    0             0877317                   0                       0                       0                       0                       0             
LS 2018C17000008032010/07/2018094903AGR4111000000108374009/07/201809/07/201809/07/201801893390Rgl/Fact  1877318        C4          1989  00    0             0877318                   0                       0                       0                       0                       0             
LS 2018C17000008032010/07/2018094903RGL5311011700108374009/07/201809/07/201809/07/201801893390Rgl/Facture 1877318 CARTED4          1989CB00    0             0877318                   0                       0                       0                       0                       0             
LS 2018C17000008032010/07/2018094903AGR4111000000108374009/07/201809/07/201809/07/201801893391Rgl/Fact  1877319        C4           399  00    0             0877319                   0                       0                       0                       0                       0             
LS 2018C17000008032010/07/2018094903RGL5311011700108374009/07/201809/07/201809/07/201801893391Rgl/Facture 1877319 ESPECD4           399ES00    0             0877319                   0                       0                       0                       0                       0             
LS 2018C17000008032010/07/2018094903AGR4111000000108374009/07/201809/07/201809/07/201801893392Rgl/Fact  1877320        C4           398  00    0             0877320                   0                       0                       0                       0                       0             
LS 2018C17000008032010/07/2018094903RGL5311011700108374009/07/201809/07/201809/07/201801893392Rgl/Facture 1877320 ESPECD4           398ES00    0             0877320                   0                       0                       0                       0                       0             
LS 2018C17000008032010/07/2018094903AGR4111000000108374009/07/201809/07/201809/07/201801893393Rgl/Fact  1877321        C4           740  00    0             0877321                   0                       0                       0                       0                       0             
LS 2018C17000008032010/07/2018094903RGL5311011700108374009/07/201809/07/201809/07/201801893393Rgl/Facture 1877321 CHEQUD4           740CH00    0             0877321                   0                       0                       0                       0                       0             
LS 2018C17000008032010/07/2018094903AGR4111000000108374009/07/201809/07/201809/07/201801893394Rgl/Fact  1877322        C4          3699  00    0             0877322                   0                       0                       0                       0                       0             
LS 2018C17000008032010/07/2018094903RGL5311011700108374009/07/201809/07/201809/07/201801893394Rgl/Facture 1877322 CARTED4          3699CB00    0             0877322                   0                       0                       0                       0                       0             
LS 2018C17000008032010/07/2018094904AGR4111000000108374009/07/201809/07/201809/07/201801893395Rgl/Fact  1877323        C4          3750  00    0             0877323                   0                       0                       0                       0                       0             
LS 2018C17000008032010/07/2018094904RGL5311011700108374009/07/201809/07/201809/07/201801893395Rgl/Facture 1877323 CARTED4          3750CB00    0             0877323                   0                       0                       0                       0                       0             
LS 2018C17000008032010/07/2018094904AGR4111000000108374009/07/201809/07/201809/07/201801893396Rgl/Fact  1877324        C4           595  00    0             0877324                   0                       0                       0                       0                       0             
LS 2018C17000008032010/07/2018094904RGL5311011700108374009/07/201809/07/201809/07/201801893396Rgl/Facture 1877324 ESPECD4           595ES00    0             0877324                   0                       0                       0                       0                       0             
LS 2018C17000008032010/07/2018094904AGR4111000000108374009/07/201809/07/201809/07/201801893397Rgl/Fact  1877325        C4          3387  00    0             0877325                   0                       0                       0                       0                       0             
LS 2018C17000008032010/07/2018094904RGL5311011700108374009/07/201809/07/201809/07/201801893397Rgl/Facture 1877325 CARTED4          3387CB00    0             0877325                   0                       0                       0                       0                       0             
LS 2018C17000008032010/07/2018094904AGR4111000000108374009/07/201809/07/201809/07/201801893398Rgl/Fact  1877326        C4          1899  00    0             0877326                   0                       0                       0                       0                       0             
LS 2018C17000008032010/07/2018094904RGL5311011700108374009/07/201809/07/201809/07/201801893398Rgl/Facture 1877326 CARTED4          1899CB00    0             0877326                   0                       0                       0                       0                       0             
LS 2018C17000008032010/07/2018094904AGR4111000000108374009/07/201809/07/201809/07/201801893399Rgl/Fact  1877327        C4          1905  00    0             0877327                   0                       0                       0                       0                       0             
LS 2018C17000008032010/07/2018094904RGL5311011700108374009/07/201809/07/201809/07/201801893399Rgl/Facture 1877327 CARTED4          1905CB00    0             0877327                   0                       0                       0                       0                       0             
LS 2018C17000008032010/07/2018094904AGR4111000000108374009/07/201809/07/201809/07/201801893400Rgl/Fact  1877328        C4           598  00    0             0877328                   0                       0                       0                       0                       0             
LS 2018C17000008032010/07/2018094904RGL5311011700108374009/07/201809/07/201809/07/201801893400Rgl/Facture 1877328 ESPECD4           598ES00    0             0877328                   0                       0                       0                       0                       0             
LS 2018C17000008032010/07/2018094904AGR4111000000108374009/07/201809/07/201809/07/201801893401Rgl/Fact  1877329        C4           999  00    0             0877329                   0                       0                       0                       0                       0             
LS 2018C17000008032010/07/2018094904RGL5311011700108374009/07/201809/07/201809/07/201801893401Rgl/Facture 1877329 ESPECD4           999ES00    0             0877329                   0                       0                       0                       0                       0             
LS 2018C17000008032010/07/2018094904AGR4111000000108374009/07/201809/07/201809/07/201801893402Rgl/Fact  1877330        C4           929  00    0             0877330                   0                       0                       0                       0                       0             
LS 2018C17000008032010/07/2018094904RGL5311011700108374009/07/201809/07/201809/07/201801893402Rgl/Facture 1877330 ESPECD4           929ES00    0             0877330                   0                       0                       0                       0                       0             
LS 2018C17000008032010/07/2018094904AGR4111000000108374009/07/201809/07/201809/07/201801893403Rgl/Fact  1877331        C4          1108  00    0             0877331                   0                       0                       0                       0                       0             
LS 2018C17000008032010/07/2018094904RGL5311011700108374009/07/201809/07/201809/07/201801893403Rgl/Facture 1877331 CARTED4          1108CB00    0             0877331                   0                       0                       0                       0                       0             
LS 2018C17000008032010/07/2018094904AGR4111000000108374009/07/201809/07/201809/07/201801893404Rgl/Fact  1877332        C4          1818  00    0             0877332                   0                       0                       0                       0                       0             
LS 2018C17000008032010/07/2018094904RGL5311011700108374009/07/201809/07/201809/07/201801893404Rgl/Facture 1877332 CHEQUD4          1818CH00    0             0877332                   0                       0                       0                       0                       0             
LS 2018C17000008032010/07/2018094904AGR4111000000108374009/07/201809/07/201809/07/201801893405Rgl/Fact  1877333        C4          4583  00    0             0877333                   0                       0                       0                       0                       0             
LS 2018C17000008032010/07/2018094904RGL5311011700108374009/07/201809/07/201809/07/201801893405Rgl/Facture 1877333 CARTED4          4583CB00    0             0877333                   0                       0                       0                       0                       0             
LS 2018C17000008032010/07/2018094904AGR4111000000108374009/07/201809/07/201809/07/201801893406Rgl/Fact  1877334        C4           655  00    0             0877334                   0                       0                       0                       0                       0             
LS 2018C17000008032010/07/2018094904RGL5311011700108374009/07/201809/07/201809/07/201801893406Rgl/Facture 1877334 ESPECD4           655ES00    0             0877334                   0                       0                       0                       0                       0             
LS 2018C17000008032010/07/2018094904AGR4111000000108374009/07/201809/07/201809/07/201801893407Rgl/Fact  1877335        C4          1699  00    0             0877335                   0                       0                       0                       0                       0             
LS 2018C17000008032010/07/2018094904RGL5311011700108374009/07/201809/07/201809/07/201801893407Rgl/Facture 1877335 CARTED4          1699CB00    0             0877335                   0                       0                       0                       0                       0             
LS 2018C17000008032010/07/2018094904AGR4111000000108374009/07/201809/07/201809/07/201801893408Rgl/Fact  1877336        C4          1580  00    0             0877336                   0                       0                       0                       0                       0             
LS 2018C17000008032010/07/2018094904RGL5311011700108374009/07/201809/07/201809/07/201801893408Rgl/Facture 1877336 ESPECD4          1580ES00    0             0877336                   0                       0                       0                       0                       0             
LS 2018C17000008032010/07/2018094904AGR4111000000108374009/07/201809/07/201809/07/201801893409Rgl/Fact  1877337        C4          2218  00    0             0877337                   0                       0                       0                       0                       0             
LS 2018C17000008032010/07/2018094904RGL5311011700108374009/07/201809/07/201809/07/201801893409Rgl/Facture 1877337 CARTED4          2218CB00    0             0877337                   0                       0                       0                       0                       0             
LS 2018C17000008032010/07/2018094904AGR4111000000108374009/07/201809/07/201809/07/201801893410Rgl/Fact  1877338        C4          4560  00    0             0877338                   0                       0                       0                       0                       0             
LS 2018C17000008032010/07/2018094904RGL5311011700108374009/07/201809/07/201809/07/201801893410Rgl/Facture 1877338 CARTED4          4560CB00    0             0877338                   0                       0                       0                       0                       0             
LS 2018C17000008032010/07/2018094904AGR4111000000108374009/07/201809/07/201809/07/201801893411Rgl/Fact  1877339        C4          1178  00    0             0877339                   0                       0                       0                       0                       0             
LS 2018C17000008032010/07/2018094904RGL5311011700108374009/07/201809/07/201809/07/201801893411Rgl/Facture 1877339 ESPECD4          1178ES00    0             0877339                   0                       0                       0                       0                       0             
LS 2018C17000008032010/07/2018094904AGR4111000000108374009/07/201809/07/201809/07/201801893412Rgl/Fact  1877340        C4          2944  00    0             0877340                   0                       0                       0                       0                       0             
LS 2018C17000008032010/07/2018094904RGL5311011700108374009/07/201809/07/201809/07/201801893412Rgl/Facture 1877340 ESPECD4          2944ES00    0             0877340                   0                       0                       0                       0                       0             
LS 2018C17000008032010/07/2018094904AGR4111000000108374009/07/201809/07/201809/07/201801893413Rgl/Fact  1877341        C4           750  00    0             0877341                   0                       0                       0                       0                       0             
LS 2018C17000008032010/07/2018094904RGL5311011700108374009/07/201809/07/201809/07/201801893413Rgl/Facture 1877341 CARTED4           750CB00    0             0877341                   0                       0                       0                       0                       0             
LS 2018C17000008032010/07/2018094904AGR4111000000108374009/07/201809/07/201809/07/201801893414Rgl/Fact  1877342        C4          4820  00    0             0877342                   0                       0                       0                       0                       0             
LS 2018C17000008032010/07/2018094904RGL5311011700108374009/07/201809/07/201809/07/201801893414Rgl/Facture 1877342 CARTED4          4820CB00    0             0877342                   0                       0                       0                       0                       0             
LS 2018C17000008032010/07/2018094904AGR4111000000108374009/07/201809/07/201809/07/201801893415Rgl/Fact  1877343        C4          2724  00    0             0877343                   0                       0                       0                       0                       0             
LS 2018C17000008032010/07/2018094904RGL5311011700108374009/07/201809/07/201809/07/201801893415Rgl/Facture 1877343 CARTED4          2724CB00    0             0877343                   0                       0                       0                       0                       0             
LS 2018C17000008032010/07/2018094904AGR4111000000108374009/07/201809/07/201809/07/201801893416Rgl/Fact  1877344        C4          1699  00    0             0877344                   0                       0                       0                       0                       0             
LS 2018C17000008032010/07/2018094904RGL5311011700108374009/07/201809/07/201809/07/201801893416Rgl/Facture 1877344 CARTED4          1699CB00    0             0877344                   0                       0                       0                       0                       0             
LS 2018C17000008032010/07/2018094904AGR4111000000108374009/07/201809/07/201809/07/201801893417Rgl/Fact  1877345        C4          2388  00    0             0877345                   0                       0                       0                       0                       0             
LS 2018C17000008032010/07/2018094904RGL5311011700108374009/07/201809/07/201809/07/201801893417Rgl/Facture 1877345 ESPECD4          2388ES00    0             0877345                   0                       0                       0                       0                       0             
LS 2018C17000008032010/07/2018094904AGR4111000000108374009/07/201809/07/201809/07/201801893418Rgl/Fact  1877346        C4           458  00    0             0877346                   0                       0                       0                       0                       0             
LS 2018C17000008032010/07/2018094904RGL5311011700108374009/07/201809/07/201809/07/201801893418Rgl/Facture 1877346 ESPECD4           458ES00    0             0877346                   0                       0                       0                       0                       0             
LS 2018C17000008032010/07/2018094904AGR4111000000108374009/07/201809/07/201809/07/201801893419Rgl/Fact  1877347        C4           489  00    0             0877347                   0                       0                       0                       0                       0             
LS 2018C17000008032010/07/2018094904RGL5311011700108374009/07/201809/07/201809/07/201801893419Rgl/Facture 1877347 ESPECD4           489ES00    0             0877347                   0                       0                       0                       0                       0             
LS 2018C17000008032010/07/2018094904AGR4111000000108374009/07/201809/07/201809/07/201801893420Rgl/Fact  1877348        C4          1599  00    0             0877348                   0                       0                       0                       0                       0             
LS 2018C17000008032010/07/2018094904RGL5311011700108374009/07/201809/07/201809/07/201801893420Rgl/Facture 1877348 ESPECD4          1599ES00    0             0877348                   0                       0                       0                       0                       0             
LS 2018C17000008032010/07/2018094904AGR4111000000108374009/07/201809/07/201809/07/201801893421Rgl/Fact  1877349        C4          5598  00    0             0877349                   0                       0                       0                       0                       0             
LS 2018C17000008032010/07/2018094904RGL5311011700108374009/07/201809/07/201809/07/201801893421Rgl/Facture 1877349 CARTED4          5598CB00    0             0877349                   0                       0                       0                       0                       0             
LS 2018C17000008032010/07/2018094904AGR4111000000108374009/07/201809/07/201809/07/201801893422Rgl/Fact  1877350        C4          2144  00    0             0877350                   0                       0                       0                       0                       0             
LS 2018C17000008032010/07/2018094904RGL5311011700108374009/07/201809/07/201809/07/201801893422Rgl/Facture 1877350 ESPECD4          2144ES00    0             0877350                   0                       0                       0                       0                       0             
LS 2018C17000008032010/07/2018094904AGR4111000000108374009/07/201809/07/201809/07/201801893423Rgl/Fact  1877351        C4          5699  00    0             0877351                   0                       0                       0                       0                       0             
LS 2018C17000008032010/07/2018094904RGL5311011700108374009/07/201809/07/201809/07/201801893423Rgl/Facture 1877351 CARTED4          5699CB00    0             0877351                   0                       0                       0                       0                       0             
LS 2018C17000008032010/07/2018094904AGR4111000000108374009/07/201809/07/201809/07/201801893424Rgl/Fact  1877352        C4          1499  00    0             0877352                   0                       0                       0                       0                       0             
LS 2018C17000008032010/07/2018094904RGL5311011700108374009/07/201809/07/201809/07/201801893424Rgl/Facture 1877352 ESPECD4          1499ES00    0             0877352                   0                       0                       0                       0                       0             
LS 2018C17000008032010/07/2018094904AGR4111000000108374009/07/201809/07/201809/07/201801893425Rgl/Fact  1877353        C4          1028  00    0             0877353                   0                       0                       0                       0                       0             
LS 2018C17000008032010/07/2018094904RGL5311011700108374009/07/201809/07/201809/07/201801893425Rgl/Facture 1877353 ESPECD4          1028ES00    0             0877353                   0                       0                       0                       0                       0             
LS 2018C17000008032010/07/2018094904AGR4111000000108374009/07/201809/07/201809/07/201801893426Rgl/Fact  1877354        C4          5535  00    0             0877354                   0                       0                       0                       0                       0             
LS 2018C17000008032010/07/2018094904RGL5311011700108374009/07/201809/07/201809/07/201801893426Rgl/Facture 1877354 ESPECD4          5535ES00    0             0877354                   0                       0                       0                       0                       0             
LS 2018C17000008032010/07/2018094904AGR4111000000108374009/07/201809/07/201809/07/201801893427Rgl/Fact  1877355        C4          4498  00    0             0877355                   0                       0                       0                       0                       0             
LS 2018C17000008032010/07/2018094904RGL5311011700108374009/07/201809/07/201809/07/201801893427Rgl/Facture 1877355 CARTED4          4498CB00    0             0877355                   0                       0                       0                       0                       0             
LS 2018C17000008032010/07/2018094904AGR4111000000108374009/07/201809/07/201809/07/201801893428Rgl/Avoir  1877356       D4          1499  00    0             0877356                   0                       0                       0                       0                       0             
LS 2018C17000008032010/07/2018094904RGL4197000000108374009/07/201809/07/201809/07/201801893428Rgl/Facture 1877356 AVOIRC4          1499BA00    0             0877356                   0                       0                       0                       0                       0             
LS 2018C17000008032010/07/2018094904AGR4111000000108374009/07/201809/07/201809/07/201801893429Rgl/Fact  1877357        C4           849  00    0             0877357                   0                       0                       0                       0                       0             
LS 2018C17000008032010/07/2018094904RGL4197000000108374009/07/201809/07/201809/07/201801893429Rgl/Facture 1877356 AVOIRD4           849AV00    0             0877357                   0                       0                       0                       0                       0             
LS 2018C17000008032010/07/2018094904AGR4111000000108374009/07/201809/07/201809/07/201801893430Rgl/Fact  1877358        C4          8315  00    0             0877358                   0                       0                       0                       0                       0             
LS 2018C17000008032010/07/2018094904RGL5311011700108374009/07/201809/07/201809/07/201801893430Rgl/Facture 1877358 CHEQUD4          8315CH00    0             0877358                   0                       0                       0                       0                       0             
LS 2018C17000008032010/07/2018094904AGR4111000000108374009/07/201809/07/201809/07/201801893431Rgl/Fact  1877359        C4          3715  00    0             0877359                   0                       0                       0                       0                       0             
LS 2018C17000008032010/07/2018094904RGL5311011700108374009/07/201809/07/201809/07/201801893431Rgl/Facture 1877359 CARTED4          3715CB00    0             0877359                   0                       0                       0                       0                       0             
LS 2018C17000008032010/07/2018094904AGR5840000001083740 09/07/201809/07/201809/07/201801893434Remise CR                D4           400  00    0             0000000                   0                       0                       0                       0                       0             
LS 2018C17000008032010/07/2018094904RGL531101170        09/07/201809/07/201809/07/201801893434Remise CR   SOGEC        C4           400CR00    0             0000000                   0                       0                       0                       0                       0             
LS 2018C17000008032010/07/2018094904RGL5820000001083740 09/07/201809/07/201809/07/201801893436117/Remise CH  3356760   D4         12533CH00    0             0356760                   0                       0                       0                       0                       0             
LS 2018C17000008032010/07/2018094904RGL531101170        09/07/201809/07/201809/07/201801893436117/Remise CH  3356760 CHC4         12533CH00    0             0356760                   0                       0                       0                       0                       0             
LS 2018C17000008032010/07/2018094904RGL5830000001083740 09/07/201809/07/201809/07/201801893437117/Remise CB            D4        161250CB00    0             0000000                   0                       0                       0                       0                       0             
LS 2018C17000008032010/07/2018094904RGL531101170        09/07/201809/07/201809/07/201801893437117/Remise CB   CARTE    C4        161250CB00    0             0000000                   0                       0                       0                       0                       0             
LS 2018C17000008032010/07/2018094904RGL75810000001      09/07/201809/07/201809/07/201801893438117/Ecart de cloture     C4            17ES00    0             0000000117764             0                       0                       0                       0                       0          059
LS 2018C17000008032010/07/2018094904RGL53110117001      09/07/201809/07/201809/07/201801893438117/Ecart de cloture   ESD4            17ES00    0             0000000117764             0                       0                       0                       0                       0          059
