LS 2018C47000008033110/07/2018094922AGR4111000000105251509/07/201809/07/201809/07/201801656036Rgl/Fact  1639932        C4          2664  00    0             0639932                   0                       0                       0                       0                       0             
LS 2018C47000008033110/07/2018094922RGL5311014600105251509/07/201809/07/201809/07/201801656036Rgl/Facture 1639932 CARTED4          2664CB00    0             0639932                   0                       0                       0                       0                       0             
LS 2018C47000008033110/07/2018094922AGR4111000000108377309/07/201809/07/201809/07/201801655981Rgl/Fact  1639877        C4          1798  00    0             0639877                   0                       0                       0                       0                       0             
LS 2018C47000008033110/07/2018094922RGL5311014600108377309/07/201809/07/201809/07/201801655981Rgl/Facture 1639877 CARTED4          1798CB00    0             0639877                   0                       0                       0                       0                       0             
LS 2018C47000008033110/07/2018094922AGR4111000000108377309/07/201809/07/201809/07/201801655982Rgl/Fact  1639878        C4          1449  00    0             0639878                   0                       0                       0                       0                       0             
LS 2018C47000008033110/07/2018094922RGL5311014600108377309/07/201809/07/201809/07/201801655982Rgl/Facture 1639878 CARTED4          1449CB00    0             0639878                   0                       0                       0                       0                       0             
LS 2018C47000008033110/07/2018094922AGR4111000000108377309/07/201809/07/201809/07/201801655983Rgl/Fact  1639879        C4           649  00    0             0639879                   0                       0                       0                       0                       0             
LS 2018C47000008033110/07/2018094922RGL5311014600108377309/07/201809/07/201809/07/201801655983Rgl/Facture 1639879 ESPECD4           649ES00    0             0639879                   0                       0                       0                       0                       0             
LS 2018C47000008033110/07/2018094922AGR4111000000108377309/07/201809/07/201809/07/201801655984Rgl/Fact  1639880        C4          4170  00    0             0639880                   0                       0                       0                       0                       0             
LS 2018C47000008033110/07/2018094922RGL5311014600108377309/07/201809/07/201809/07/201801655984Rgl/Facture 1639880 CARTED4          4170CB00    0             0639880                   0                       0                       0                       0                       0             
LS 2018C47000008033110/07/2018094922AGR4111000000108377309/07/201809/07/201809/07/201801655985Rgl/Fact  1639881        C4          4913  00    0             0639881                   0                       0                       0                       0                       0             
LS 2018C47000008033110/07/2018094922RGL5311014600108377309/07/201809/07/201809/07/201801655985Rgl/Facture 1639881 CARTED4          4913CB00    0             0639881                   0                       0                       0                       0                       0             
LS 2018C47000008033110/07/2018094922AGR4111000000108377309/07/201809/07/201809/07/201801655986Rgl/Fact  1639882        C4          1599  00    0             0639882                   0                       0                       0                       0                       0             
LS 2018C47000008033110/07/2018094922RGL5311014600108377309/07/201809/07/201809/07/201801655986Rgl/Facture 1639882 CARTED4          1599CB00    0             0639882                   0                       0                       0                       0                       0             
LS 2018C47000008033110/07/2018094922AGR4111000000108377309/07/201809/07/201809/07/201801655987Rgl/Fact  1639883        C4          6063  00    0             0639883                   0                       0                       0                       0                       0             
LS 2018C47000008033110/07/2018094922RGL5311014600108377309/07/201809/07/201809/07/201801655987Rgl/Facture 1639883 CARTED4          6063CB00    0             0639883                   0                       0                       0                       0                       0             
LS 2018C47000008033110/07/2018094922AGR4111000000108377309/07/201809/07/201809/07/201801655988Rgl/Fact  1639884        C4          1658  00    0             0639884                   0                       0                       0                       0                       0             
LS 2018C47000008033110/07/2018094922RGL5311014600108377309/07/201809/07/201809/07/201801655988Rgl/Facture 1639884 CARTED4          1658CB00    0             0639884                   0                       0                       0                       0                       0             
LS 2018C47000008033110/07/2018094922AGR4111000000108377309/07/201809/07/201809/07/201801655989Rgl/Fact  1639885        C4           809  00    0             0639885                   0                       0                       0                       0                       0             
LS 2018C47000008033110/07/2018094922RGL5311014600108377309/07/201809/07/201809/07/201801655989Rgl/Facture 1639885 ESPECD4           809ES00    0             0639885                   0                       0                       0                       0                       0             
LS 2018C47000008033110/07/2018094922AGR4111000000108377309/07/201809/07/201809/07/201801655990Rgl/Avoir  1639886       D4          4335  00    0             0639886                   0                       0                       0                       0                       0             
LS 2018C47000008033110/07/2018094922RGL5311014600108377309/07/201809/07/201809/07/201801655990Rgl/Facture 1639886 CARTEC4          4335CB00    0             0639886                   0                       0                       0                       0                       0             
LS 2018C47000008033110/07/2018094922AGR4111000000108377309/07/201809/07/201809/07/201801655991Rgl/Fact  1639887        C4           879  00    0             0639887                   0                       0                       0                       0                       0             
LS 2018C47000008033110/07/2018094922RGL5311014600108377309/07/201809/07/201809/07/201801655991Rgl/Facture 1639887 ESPECD4           879ES00    0             0639887                   0                       0                       0                       0                       0             
LS 2018C47000008033110/07/2018094922AGR4111000000108377309/07/201809/07/201809/07/201801655992Rgl/Fact  1639888        C4          1935  00    0             0639888                   0                       0                       0                       0                       0             
LS 2018C47000008033110/07/2018094922RGL5311014600108377309/07/201809/07/201809/07/201801655992Rgl/Facture 1639888 CARTED4          1935CB00    0             0639888                   0                       0                       0                       0                       0             
LS 2018C47000008033110/07/2018094922AGR4111000000108377309/07/201809/07/201809/07/201801655993Rgl/Fact  1639889        C4          2576  00    0             0639889                   0                       0                       0                       0                       0             
LS 2018C47000008033110/07/2018094922RGL5311014600108377309/07/201809/07/201809/07/201801655993Rgl/Facture 1639889 ESPECD4          2576ES00    0             0639889                   0                       0                       0                       0                       0             
LS 2018C47000008033110/07/2018094922AGR4111000000108377309/07/201809/07/201809/07/201801655994Rgl/Fact  1639890        C4         15629  00    0             0639890                   0                       0                       0                       0                       0             
LS 2018C47000008033110/07/2018094922RGL5311014600108377309/07/201809/07/201809/07/201801655994Rgl/Facture 1639890 CARTED4         15629CB00    0             0639890                   0                       0                       0                       0                       0             
LS 2018C47000008033110/07/2018094922AGR4111000000108377309/07/201809/07/201809/07/201801655995Rgl/Fact  1639891        C4          1458  00    0             0639891                   0                       0                       0                       0                       0             
LS 2018C47000008033110/07/2018094922RGL5311014600108377309/07/201809/07/201809/07/201801655995Rgl/Facture 1639891 CARTED4          1458CB00    0             0639891                   0                       0                       0                       0                       0             
LS 2018C47000008033110/07/2018094922AGR4111000000108377309/07/201809/07/201809/07/201801655996Rgl/Fact  1639892        C4          5569  00    0             0639892                   0                       0                       0                       0                       0             
LS 2018C47000008033110/07/2018094922RGL5311014600108377309/07/201809/07/201809/07/201801655996Rgl/Facture 1639892 CARTED4          5569CB00    0             0639892                   0                       0                       0                       0                       0             
LS 2018C47000008033110/07/2018094922AGR4111000000108377309/07/201809/07/201809/07/201801655997Rgl/Fact  1639893        C4          3126  00    0             0639893                   0                       0                       0                       0                       0             
LS 2018C47000008033110/07/2018094922RGL5311014600108377309/07/201809/07/201809/07/201801655997Rgl/Facture 1639893 CARTED4          3126CB00    0             0639893                   0                       0                       0                       0                       0             
LS 2018C47000008033110/07/2018094922AGR4111000000108377309/07/201809/07/201809/07/201801655998Rgl/Fact  1639894        C4          1773  00    0             0639894                   0                       0                       0                       0                       0             
LS 2018C47000008033110/07/2018094922RGL5311014600108377309/07/201809/07/201809/07/201801655998Rgl/Facture 1639894 CARTED4          1773CB00    0             0639894                   0                       0                       0                       0                       0             
LS 2018C47000008033110/07/2018094922AGR4111000000108377309/07/201809/07/201809/07/201801655999Rgl/Fact  1639895        C4          2220  00    0             0639895                   0                       0                       0                       0                       0             
LS 2018C47000008033110/07/2018094922RGL5311014600108377309/07/201809/07/201809/07/201801655999Rgl/Facture 1639895 CARTED4          2220CB00    0             0639895                   0                       0                       0                       0                       0             
LS 2018C47000008033110/07/2018094922AGR4111000000108377309/07/201809/07/201809/07/201801656000Rgl/Fact  1639896        C4          1492  00    0             0639896                   0                       0                       0                       0                       0             
LS 2018C47000008033110/07/2018094922RGL5311014600108377309/07/201809/07/201809/07/201801656000Rgl/Facture 1639896 ESPECD4          1492ES00    0             0639896                   0                       0                       0                       0                       0             
LS 2018C47000008033110/07/2018094922AGR4111000000108377309/07/201809/07/201809/07/201801656001Rgl/Fact  1639897        C4          2399  00    0             0639897                   0                       0                       0                       0                       0             
LS 2018C47000008033110/07/2018094922RGL5311014600108377309/07/201809/07/201809/07/201801656001Rgl/Facture 1639897 CARTED4          2399CB00    0             0639897                   0                       0                       0                       0                       0             
LS 2018C47000008033110/07/2018094922AGR4111000000108377309/07/201809/07/201809/07/201801656002Rgl/Fact  1639898        C4           799  00    0             0639898                   0                       0                       0                       0                       0             
LS 2018C47000008033110/07/2018094922RGL5311014600108377309/07/201809/07/201809/07/201801656002Rgl/Facture 1639898 ESPECD4           799ES00    0             0639898                   0                       0                       0                       0                       0             
LS 2018C47000008033110/07/2018094922AGR4111000000108377309/07/201809/07/201809/07/201801656003Rgl/Fact  1639899        C4          1304  00    0             0639899                   0                       0                       0                       0                       0             
LS 2018C47000008033110/07/2018094922RGL5311014600108377309/07/201809/07/201809/07/201801656003Rgl/Facture 1639899 CARTED4          1304CB00    0             0639899                   0                       0                       0                       0                       0             
LS 2018C47000008033110/07/2018094922AGR4111000000108377309/07/201809/07/201809/07/201801656004Rgl/Fact  1639900        C4          1697  00    0             0639900                   0                       0                       0                       0                       0             
LS 2018C47000008033110/07/2018094922RGL5311014600108377309/07/201809/07/201809/07/201801656004Rgl/Facture 1639900 ESPECD4          1697ES00    0             0639900                   0                       0                       0                       0                       0             
LS 2018C47000008033110/07/2018094922AGR4111000000108377309/07/201809/07/201809/07/201801656005Rgl/Fact  1639901        C4           779  00    0             0639901                   0                       0                       0                       0                       0             
LS 2018C47000008033110/07/2018094922RGL5311014600108377309/07/201809/07/201809/07/201801656005Rgl/Facture 1639901 CARTED4           779CB00    0             0639901                   0                       0                       0                       0                       0             
LS 2018C47000008033110/07/2018094922AGR4111000000108377309/07/201809/07/201809/07/201801656006Rgl/Fact  1639902        C4          2440  00    0             0639902                   0                       0                       0                       0                       0             
LS 2018C47000008033110/07/2018094922RGL5311014600108377309/07/201809/07/201809/07/201801656006Rgl/Facture 1639902 CARTED4          2440CB00    0             0639902                   0                       0                       0                       0                       0             
LS 2018C47000008033110/07/2018094922AGR4111000000108377309/07/201809/07/201809/07/201801656007Rgl/Fact  1639903        C4          6897  00    0             0639903                   0                       0                       0                       0                       0             
LS 2018C47000008033110/07/2018094922RGL5311014600108377309/07/201809/07/201809/07/201801656007Rgl/Facture 1639903 CARTED4          6897CB00    0             0639903                   0                       0                       0                       0                       0             
LS 2018C47000008033110/07/2018094922AGR4111000000108377309/07/201809/07/201809/07/201801656008Rgl/Fact  1639904        C4          5041  00    0             0639904                   0                       0                       0                       0                       0             
LS 2018C47000008033110/07/2018094922RGL5311014600108377309/07/201809/07/201809/07/201801656008Rgl/Facture 1639904 CARTED4          5041CB00    0             0639904                   0                       0                       0                       0                       0             
LS 2018C47000008033110/07/2018094922AGR4111000000108377309/07/201809/07/201809/07/201801656009Rgl/Fact  1639905        C4           669  00    0             0639905                   0                       0                       0                       0                       0             
LS 2018C47000008033110/07/2018094922RGL5311014600108377309/07/201809/07/201809/07/201801656009Rgl/Facture 1639905 ESPECD4           669ES00    0             0639905                   0                       0                       0                       0                       0             
LS 2018C47000008033110/07/2018094922AGR4111000000108377309/07/201809/07/201809/07/201801656010Rgl/Fact  1639906        C4          2198  00    0             0639906                   0                       0                       0                       0                       0             
LS 2018C47000008033110/07/2018094922RGL5311014600108377309/07/201809/07/201809/07/201801656010Rgl/Facture 1639906 CARTED4          2198CB00    0             0639906                   0                       0                       0                       0                       0             
LS 2018C47000008033110/07/2018094922AGR4111000000108377309/07/201809/07/201809/07/201801656011Rgl/Fact  1639907        C4           489  00    0             0639907                   0                       0                       0                       0                       0             
LS 2018C47000008033110/07/2018094922RGL5311014600108377309/07/201809/07/201809/07/201801656011Rgl/Facture 1639907 CARTED4           489CB00    0             0639907                   0                       0                       0                       0                       0             
LS 2018C47000008033110/07/2018094922AGR4111000000108377309/07/201809/07/201809/07/201801656012Rgl/Fact  1639908        C4          4999  00    0             0639908                   0                       0                       0                       0                       0             
LS 2018C47000008033110/07/2018094922RGL5311014600108377309/07/201809/07/201809/07/201801656012Rgl/Facture 1639908 CARTED4          4999CB00    0             0639908                   0                       0                       0                       0                       0             
LS 2018C47000008033110/07/2018094922AGR4111000000108377309/07/201809/07/201809/07/201801656013Rgl/Fact  1639909        C4          7072  00    0             0639909                   0                       0                       0                       0                       0             
LS 2018C47000008033110/07/2018094922RGL5311014600108377309/07/201809/07/201809/07/201801656013Rgl/Facture 1639909 ESPECD4          7072ES00    0             0639909                   0                       0                       0                       0                       0             
LS 2018C47000008033110/07/2018094922AGR4111000000108377309/07/201809/07/201809/07/201801656014Rgl/Fact  1639910        C4          1898  00    0             0639910                   0                       0                       0                       0                       0             
LS 2018C47000008033110/07/2018094922RGL5311014600108377309/07/201809/07/201809/07/201801656014Rgl/Facture 1639910 CARTED4          1898CB00    0             0639910                   0                       0                       0                       0                       0             
LS 2018C47000008033110/07/2018094922AGR4111000000108377309/07/201809/07/201809/07/201801656015Rgl/Fact  1639911        C4          2799  00    0             0639911                   0                       0                       0                       0                       0             
LS 2018C47000008033110/07/2018094922RGL5311014600108377309/07/201809/07/201809/07/201801656015Rgl/Facture 1639911 CARTED4          2799CB00    0             0639911                   0                       0                       0                       0                       0             
LS 2018C47000008033110/07/2018094922AGR4111000000108377309/07/201809/07/201809/07/201801656016Rgl/Fact  1639912        C4          6453  00    0             0639912                   0                       0                       0                       0                       0             
LS 2018C47000008033110/07/2018094922RGL5311014600108377309/07/201809/07/201809/07/201801656016Rgl/Facture 1639912 CARTED4          6453CB00    0             0639912                   0                       0                       0                       0                       0             
LS 2018C47000008033110/07/2018094922AGR4111000000108377309/07/201809/07/201809/07/201801656017Rgl/Fact  1639913        C4           240  00    0             0639913                   0                       0                       0                       0                       0             
LS 2018C47000008033110/07/2018094922RGL5311014600108377309/07/201809/07/201809/07/201801656017Rgl/Facture 1639913 ESPECD4           240ES00    0             0639913                   0                       0                       0                       0                       0             
LS 2018C47000008033110/07/2018094922AGR4111000000108377309/07/201809/07/201809/07/201801656018Rgl/Fact  1639914        C4          8048  00    0             0639914                   0                       0                       0                       0                       0             
LS 2018C47000008033110/07/2018094922RGL5311014600108377309/07/201809/07/201809/07/201801656018Rgl/Facture 1639914 CARTED4          7448CB00    0             0639914                   0                       0                       0                       0                       0             
LS 2018C47000008033110/07/2018094922RGL5311014600108377309/07/201809/07/201809/07/201801656018Rgl/Facture 1639914 SOGECD4           600CR00    0             0639914                   0                       0                       0                       0                       0             
LS 2018C47000008033110/07/2018094922AGR4111000000108377309/07/201809/07/201809/07/201801656019Rgl/Fact  1639915        C4           249  00    0             0639915                   0                       0                       0                       0                       0             
LS 2018C47000008033110/07/2018094922RGL5311014600108377309/07/201809/07/201809/07/201801656019Rgl/Facture 1639915 ESPECD4           249ES00    0             0639915                   0                       0                       0                       0                       0             
LS 2018C47000008033110/07/2018094922AGR4111000000108377309/07/201809/07/201809/07/201801656020Rgl/Fact  1639916        C4          2461  00    0             0639916                   0                       0                       0                       0                       0             
LS 2018C47000008033110/07/2018094922RGL5311014600108377309/07/201809/07/201809/07/201801656020Rgl/Facture 1639916 CARTED4          2461CB00    0             0639916                   0                       0                       0                       0                       0             
LS 2018C47000008033110/07/2018094922AGR4111000000108377309/07/201809/07/201809/07/201801656021Rgl/Fact  1639917        C4           399  00    0             0639917                   0                       0                       0                       0                       0             
LS 2018C47000008033110/07/2018094922RGL5311014600108377309/07/201809/07/201809/07/201801656021Rgl/Facture 1639917 ESPECD4           399ES00    0             0639917                   0                       0                       0                       0                       0             
LS 2018C47000008033110/07/2018094922AGR4111000000108377309/07/201809/07/201809/07/201801656022Rgl/Fact  1639918        C4          1172  00    0             0639918                   0                       0                       0                       0                       0             
LS 2018C47000008033110/07/2018094922RGL5311014600108377309/07/201809/07/201809/07/201801656022Rgl/Facture 1639918 ESPECD4          1172ES00    0             0639918                   0                       0                       0                       0                       0             
LS 2018C47000008033110/07/2018094922AGR4111000000108377309/07/201809/07/201809/07/201801656023Rgl/Fact  1639919        C4          2938  00    0             0639919                   0                       0                       0                       0                       0             
LS 2018C47000008033110/07/2018094922RGL5311014600108377309/07/201809/07/201809/07/201801656023Rgl/Facture 1639919 CARTED4          2938CB00    0             0639919                   0                       0                       0                       0                       0             
LS 2018C47000008033110/07/2018094922AGR4111000000108377309/07/201809/07/201809/07/201801656024Rgl/Fact  1639920        C4          1449  00    0             0639920                   0                       0                       0                       0                       0             
LS 2018C47000008033110/07/2018094922RGL5311014600108377309/07/201809/07/201809/07/201801656024Rgl/Facture 1639920 CARTED4          1449CB00    0             0639920                   0                       0                       0                       0                       0             
LS 2018C47000008033110/07/2018094922AGR4111000000108377309/07/201809/07/201809/07/201801656025Rgl/Fact  1639921        C4          2314  00    0             0639921                   0                       0                       0                       0                       0             
LS 2018C47000008033110/07/2018094922RGL5311014600108377309/07/201809/07/201809/07/201801656025Rgl/Facture 1639921 CARTED4          2314CB00    0             0639921                   0                       0                       0                       0                       0             
LS 2018C47000008033110/07/2018094922AGR4111000000108377309/07/201809/07/201809/07/201801656026Rgl/Fact  1639922        C4           669  00    0             0639922                   0                       0                       0                       0                       0             
LS 2018C47000008033110/07/2018094922RGL5311014600108377309/07/201809/07/201809/07/201801656026Rgl/Facture 1639922 ESPECD4           669ES00    0             0639922                   0                       0                       0                       0                       0             
LS 2018C47000008033110/07/2018094922AGR4111000000108377309/07/201809/07/201809/07/201801656027Rgl/Fact  1639923        C4          2265  00    0             0639923                   0                       0                       0                       0                       0             
LS 2018C47000008033110/07/2018094922RGL5311014600108377309/07/201809/07/201809/07/201801656027Rgl/Facture 1639923 CARTED4          2265CB00    0             0639923                   0                       0                       0                       0                       0             
LS 2018C47000008033110/07/2018094922AGR4111000000108377309/07/201809/07/201809/07/201801656028Rgl/Fact  1639924        C4          1135  00    0             0639924                   0                       0                       0                       0                       0             
LS 2018C47000008033110/07/2018094922RGL5311014600108377309/07/201809/07/201809/07/201801656028Rgl/Facture 1639924 CARTED4          1135CB00    0             0639924                   0                       0                       0                       0                       0             
LS 2018C47000008033110/07/2018094922AGR4111000000108377309/07/201809/07/201809/07/201801656029Rgl/Fact  1639925        C4          5888  00    0             0639925                   0                       0                       0                       0                       0             
LS 2018C47000008033110/07/2018094922RGL5311014600108377309/07/201809/07/201809/07/201801656029Rgl/Facture 1639925 CARTED4          5888CB00    0             0639925                   0                       0                       0                       0                       0             
LS 2018C47000008033110/07/2018094922AGR4111000000108377309/07/201809/07/201809/07/201801656030Rgl/Fact  1639926        C4          8027  00    0             0639926                   0                       0                       0                       0                       0             
LS 2018C47000008033110/07/2018094922RGL5311014600108377309/07/201809/07/201809/07/201801656030Rgl/Facture 1639926 CARTED4          8027CB00    0             0639926                   0                       0                       0                       0                       0             
LS 2018C47000008033110/07/2018094922AGR4111000000108377309/07/201809/07/201809/07/201801656031Rgl/Fact  1639927        C4           940  00    0             0639927                   0                       0                       0                       0                       0             
LS 2018C47000008033110/07/2018094922RGL5311014600108377309/07/201809/07/201809/07/201801656031Rgl/Facture 1639927 CARTED4           940CB00    0             0639927                   0                       0                       0                       0                       0             
LS 2018C47000008033110/07/2018094922AGR4111000000108377309/07/201809/07/201809/07/201801656032Rgl/Fact  1639928        C4          3529  00    0             0639928                   0                       0                       0                       0                       0             
LS 2018C47000008033110/07/2018094922RGL5311014600108377309/07/201809/07/201809/07/201801656032Rgl/Facture 1639928 CARTED4          3529CB00    0             0639928                   0                       0                       0                       0                       0             
LS 2018C47000008033110/07/2018094922AGR4111000000108377309/07/201809/07/201809/07/201801656033Rgl/Fact  1639929        C4         19499  00    0             0639929                   0                       0                       0                       0                       0             
LS 2018C47000008033110/07/2018094922RGL5311014600108377309/07/201809/07/201809/07/201801656033Rgl/Facture 1639929 CARTED4         19499CB00    0             0639929                   0                       0                       0                       0                       0             
LS 2018C47000008033110/07/2018094922AGR4111000000108377309/07/201809/07/201809/07/201801656034Rgl/Fact  1639930        C4           758  00    0             0639930                   0                       0                       0                       0                       0             
LS 2018C47000008033110/07/2018094922RGL5311014600108377309/07/201809/07/201809/07/201801656034Rgl/Facture 1639930 CARTED4           758CB00    0             0639930                   0                       0                       0                       0                       0             
LS 2018C47000008033110/07/2018094923AGR4111000000108377309/07/201809/07/201809/07/201801656035Rgl/Fact  1639931        C4          4005  00    0             0639931                   0                       0                       0                       0                       0             
LS 2018C47000008033110/07/2018094923RGL5311014600108377309/07/201809/07/201809/07/201801656035Rgl/Facture 1639931 CARTED4          4005CB00    0             0639931                   0                       0                       0                       0                       0             
LS 2018C47000008033110/07/2018094923AGR4111000000108377309/07/201809/07/201809/07/201801656037Rgl/Fact  1639933        C4          7353  00    0             0639933                   0                       0                       0                       0                       0             
LS 2018C47000008033110/07/2018094923RGL5311014600108377309/07/201809/07/201809/07/201801656037Rgl/Facture 1639933 CARTED4          7353CB00    0             0639933                   0                       0                       0                       0                       0             
LS 2018C47000008033110/07/2018094923AGR4111000000108377309/07/201809/07/201809/07/201801656038Rgl/Fact  1639934        C4          1596  00    0             0639934                   0                       0                       0                       0                       0             
LS 2018C47000008033110/07/2018094923RGL5311014600108377309/07/201809/07/201809/07/201801656038Rgl/Facture 1639934 CARTED4          1596CB00    0             0639934                   0                       0                       0                       0                       0             
LS 2018C47000008033110/07/2018094923AGR4111000000108377309/07/201809/07/201809/07/201801656039Rgl/Fact  1639935        C4           449  00    0             0639935                   0                       0                       0                       0                       0             
LS 2018C47000008033110/07/2018094923RGL5311014600108377309/07/201809/07/201809/07/201801656039Rgl/Facture 1639935 ESPECD4           449ES00    0             0639935                   0                       0                       0                       0                       0             
LS 2018C47000008033110/07/2018094923AGR4111000000108377309/07/201809/07/201809/07/201801656040Rgl/Fact  1639936        C4          1588  00    0             0639936                   0                       0                       0                       0                       0             
LS 2018C47000008033110/07/2018094923RGL5311014600108377309/07/201809/07/201809/07/201801656040Rgl/Facture 1639936 CARTED4          1588CB00    0             0639936                   0                       0                       0                       0                       0             
LS 2018C47000008033110/07/2018094923AGR4111000000108377309/07/201809/07/201809/07/201801656041Rgl/Avoir  1639937       D4           475  00    0             0639937                   0                       0                       0                       0                       0             
LS 2018C47000008033110/07/2018094923RGL5311014600108377309/07/201809/07/201809/07/201801656041Rgl/Facture 1639937 CARTEC4           475CB00    0             0639937                   0                       0                       0                       0                       0             
LS 2018C47000008033110/07/2018094923AGR4111000000108377309/07/201809/07/201809/07/201801656042Rgl/Fact  1639938        C4           229  00    0             0639938                   0                       0                       0                       0                       0             
LS 2018C47000008033110/07/2018094923RGL5311014600108377309/07/201809/07/201809/07/201801656042Rgl/Facture 1639938 CARTED4           229CB00    0             0639938                   0                       0                       0                       0                       0             
LS 2018C47000008033110/07/2018094923AGR4111000000108377309/07/201809/07/201809/07/201801656043Rgl/Fact  1639939        C4          2048  00    0             0639939                   0                       0                       0                       0                       0             
LS 2018C47000008033110/07/2018094923RGL5311014600108377309/07/201809/07/201809/07/201801656043Rgl/Facture 1639939 CARTED4          2048CB00    0             0639939                   0                       0                       0                       0                       0             
LS 2018C47000008033110/07/2018094923AGR4111000000108377309/07/201809/07/201809/07/201801656044Rgl/Fact  1639940        C4          1649  00    0             0639940                   0                       0                       0                       0                       0             
LS 2018C47000008033110/07/2018094923RGL5311014600108377309/07/201809/07/201809/07/201801656044Rgl/Facture 1639940 ESPECD4          1649ES00    0             0639940                   0                       0                       0                       0                       0             
LS 2018C47000008033110/07/2018094923AGR4111000000108377309/07/201809/07/201809/07/201801656045Rgl/Fact  1639941        C4          2463  00    0             0639941                   0                       0                       0                       0                       0             
LS 2018C47000008033110/07/2018094923RGL5311014600108377309/07/201809/07/201809/07/201801656045Rgl/Facture 1639941 CARTED4          2463CB00    0             0639941                   0                       0                       0                       0                       0             
LS 2018C47000008033110/07/2018094923AGR4111000000108377309/07/201809/07/201809/07/201801656046Rgl/Fact  1639942        C4           600  00    0             0639942                   0                       0                       0                       0                       0             
LS 2018C47000008033110/07/2018094923RGL5311014600108377309/07/201809/07/201809/07/201801656046Rgl/Facture 1639942 CARTED4           600CB00    0             0639942                   0                       0                       0                       0                       0             
LS 2018C47000008033110/07/2018094923AGR4111000000108377309/07/201809/07/201809/07/201801656047Rgl/Fact  1639943        C4          1980  00    0             0639943                   0                       0                       0                       0                       0             
LS 2018C47000008033110/07/2018094923RGL5311014600108377309/07/201809/07/201809/07/201801656047Rgl/Facture 1639943 CARTED4          1980CB00    0             0639943                   0                       0                       0                       0                       0             
LS 2018C47000008033110/07/2018094923AGR4111000000108377309/07/201809/07/201809/07/201801656048Rgl/Fact  1639944        C4          2134  00    0             0639944                   0                       0                       0                       0                       0             
LS 2018C47000008033110/07/2018094923RGL5311014600108377309/07/201809/07/201809/07/201801656048Rgl/Facture 1639944 CARTED4          2134CB00    0             0639944                   0                       0                       0                       0                       0             
LS 2018C47000008033110/07/2018094923AGR4111000000108377309/07/201809/07/201809/07/201801656049Rgl/Fact  1639945        C4           299  00    0             0639945                   0                       0                       0                       0                       0             
LS 2018C47000008033110/07/2018094923RGL5311014600108377309/07/201809/07/201809/07/201801656049Rgl/Facture 1639945 CARTED4           299CB00    0             0639945                   0                       0                       0                       0                       0             
LS 2018C47000008033110/07/2018094923AGR4111000000108377309/07/201809/07/201809/07/201801656050Rgl/Fact  1639946        C4          1339  00    0             0639946                   0                       0                       0                       0                       0             
LS 2018C47000008033110/07/2018094923RGL5311014600108377309/07/201809/07/201809/07/201801656050Rgl/Facture 1639946 CARTED4          1339CB00    0             0639946                   0                       0                       0                       0                       0             
LS 2018C47000008033110/07/2018094923AGR4111000000108377309/07/201809/07/201809/07/201801656052Rgl/Fact  1639948        C4          1596  00    0             0639948                   0                       0                       0                       0                       0             
LS 2018C47000008033110/07/2018094923RGL5311014600108377309/07/201809/07/201809/07/201801656052Rgl/Facture 1639948 CARTED4          1596CB00    0             0639948                   0                       0                       0                       0                       0             
LS 2018C47000008033110/07/2018094923AGR4111000000108377309/07/201809/07/201809/07/201801656053Rgl/Fact  1639949        C4          2225  00    0             0639949                   0                       0                       0                       0                       0             
LS 2018C47000008033110/07/2018094923RGL5311014600108377309/07/201809/07/201809/07/201801656053Rgl/Facture 1639949 CARTED4          2225CB00    0             0639949                   0                       0                       0                       0                       0             
LS 2018C47000008033110/07/2018094923AGR4111000000108377309/07/201809/07/201809/07/201801656054Rgl/Fact  1639950        C4          3895  00    0             0639950                   0                       0                       0                       0                       0             
LS 2018C47000008033110/07/2018094923RGL5311014600108377309/07/201809/07/201809/07/201801656054Rgl/Facture 1639950 ESPECD4          3895ES00    0             0639950                   0                       0                       0                       0                       0             
LS 2018C47000008033110/07/2018094923AGR4111000000108377309/07/201809/07/201809/07/201801656055Rgl/Fact  1639951        C4           488  00    0             0639951                   0                       0                       0                       0                       0             
LS 2018C47000008033110/07/2018094923RGL5311014600108377309/07/201809/07/201809/07/201801656055Rgl/Facture 1639951 ESPECD4           488ES00    0             0639951                   0                       0                       0                       0                       0             
LS 2018C47000008033110/07/2018094923AGR4111000000108377309/07/201809/07/201809/07/201801656056Rgl/Fact  1639952        C4           959  00    0             0639952                   0                       0                       0                       0                       0             
LS 2018C47000008033110/07/2018094923RGL5311014600108377309/07/201809/07/201809/07/201801656056Rgl/Facture 1639952 CARTED4           959CB00    0             0639952                   0                       0                       0                       0                       0             
LS 2018C47000008033110/07/2018094923AGR4111000000108377309/07/201809/07/201809/07/201801656057Rgl/Fact  1639953        C4           289  00    0             0639953                   0                       0                       0                       0                       0             
LS 2018C47000008033110/07/2018094923RGL5311014600108377309/07/201809/07/201809/07/201801656057Rgl/Facture 1639953 ESPECD4           289ES00    0             0639953                   0                       0                       0                       0                       0             
LS 2018C47000008033110/07/2018094923AGR4111000000108377309/07/201809/07/201809/07/201801656058Rgl/Fact  1639954        C4          2880  00    0             0639954                   0                       0                       0                       0                       0             
LS 2018C47000008033110/07/2018094923RGL5311014600108377309/07/201809/07/201809/07/201801656058Rgl/Facture 1639954 CARTED4          2880CB00    0             0639954                   0                       0                       0                       0                       0             
LS 2018C47000008033110/07/2018094923AGR4111000000108377309/07/201809/07/201809/07/201801656059Rgl/Fact  1639955        C4          2729  00    0             0639955                   0                       0                       0                       0                       0             
LS 2018C47000008033110/07/2018094923RGL5311014600108377309/07/201809/07/201809/07/201801656059Rgl/Facture 1639955 CARTED4          2729CB00    0             0639955                   0                       0                       0                       0                       0             
LS 2018C47000008033110/07/2018094923AGR4111000000108377309/07/201809/07/201809/07/201801656060Rgl/Fact  1639956        C4          1978  00    0             0639956                   0                       0                       0                       0                       0             
LS 2018C47000008033110/07/2018094923RGL5311014600108377309/07/201809/07/201809/07/201801656060Rgl/Facture 1639956 ESPECD4          1978ES00    0             0639956                   0                       0                       0                       0                       0             
LS 2018C47000008033110/07/2018094923AGR4111000000108377309/07/201809/07/201809/07/201801656061Rgl/Fact  1639957        C4           699  00    0             0639957                   0                       0                       0                       0                       0             
LS 2018C47000008033110/07/2018094923RGL5311014600108377309/07/201809/07/201809/07/201801656061Rgl/Facture 1639957 ESPECD4           699ES00    0             0639957                   0                       0                       0                       0                       0             
LS 2018C47000008033110/07/2018094923AGR4111000000108377309/07/201809/07/201809/07/201801656062Rgl/Fact  1639958        C4          5224  00    0             0639958                   0                       0                       0                       0                       0             
LS 2018C47000008033110/07/2018094923RGL5311014600108377309/07/201809/07/201809/07/201801656062Rgl/Facture 1639958 CARTED4          5224CB00    0             0639958                   0                       0                       0                       0                       0             
LS 2018C47000008033110/07/2018094923AGR4111000000108377309/07/201809/07/201809/07/201801656063Rgl/Fact  1639959        C4          1750  00    0             0639959                   0                       0                       0                       0                       0             
LS 2018C47000008033110/07/2018094923RGL5311014600108377309/07/201809/07/201809/07/201801656063Rgl/Facture 1639959 CARTED4          1750CB00    0             0639959                   0                       0                       0                       0                       0             
LS 2018C47000008033110/07/2018094923AGR4111000000108377309/07/201809/07/201809/07/201801656064Rgl/Fact  1639960        C4          1644  00    0             0639960                   0                       0                       0                       0                       0             
LS 2018C47000008033110/07/2018094923RGL5311014600108377309/07/201809/07/201809/07/201801656064Rgl/Facture 1639960 CARTED4          1644CB00    0             0639960                   0                       0                       0                       0                       0             
LS 2018C47000008033110/07/2018094923AGR4111000000108377309/07/201809/07/201809/07/201801656065Rgl/Fact  1639961        C4           289  00    0             0639961                   0                       0                       0                       0                       0             
LS 2018C47000008033110/07/2018094923RGL5311014600108377309/07/201809/07/201809/07/201801656065Rgl/Facture 1639961 ESPECD4           289ES00    0             0639961                   0                       0                       0                       0                       0             
LS 2018C47000008033110/07/2018094923AGR4111000000108377309/07/201809/07/201809/07/201801656066Rgl/Fact  1639962        C4          5432  00    0             0639962                   0                       0                       0                       0                       0             
LS 2018C47000008033110/07/2018094923RGL5311014600108377309/07/201809/07/201809/07/201801656066Rgl/Facture 1639962 CARTED4          5432CB00    0             0639962                   0                       0                       0                       0                       0             
LS 2018C47000008033110/07/2018094923AGR4111000000108377309/07/201809/07/201809/07/201801656067Rgl/Fact  1639963        C4          1399  00    0             0639963                   0                       0                       0                       0                       0             
LS 2018C47000008033110/07/2018094923RGL5311014600108377309/07/201809/07/201809/07/201801656067Rgl/Facture 1639963 ESPECD4          1399ES00    0             0639963                   0                       0                       0                       0                       0             
LS 2018C47000008033110/07/2018094923AGR4111000000108377309/07/201809/07/201809/07/201801656068Rgl/Fact  1639964        C4          3388  00    0             0639964                   0                       0                       0                       0                       0             
LS 2018C47000008033110/07/2018094923RGL5311014600108377309/07/201809/07/201809/07/201801656068Rgl/Facture 1639964 CARTED4          3388CB00    0             0639964                   0                       0                       0                       0                       0             
LS 2018C47000008033110/07/2018094923AGR4111000000108377309/07/201809/07/201809/07/201801656069Rgl/Fact  1639965        C4          1323  00    0             0639965                   0                       0                       0                       0                       0             
LS 2018C47000008033110/07/2018094923RGL5311014600108377309/07/201809/07/201809/07/201801656069Rgl/Facture 1639965 CARTED4          1323CB00    0             0639965                   0                       0                       0                       0                       0             
LS 2018C47000008033110/07/2018094923AGR4111000000108377309/07/201809/07/201809/07/201801656070Rgl/Fact  1639966        C4          1999  00    0             0639966                   0                       0                       0                       0                       0             
LS 2018C47000008033110/07/2018094923RGL5311014600108377309/07/201809/07/201809/07/201801656070Rgl/Facture 1639966 CARTED4          1999CB00    0             0639966                   0                       0                       0                       0                       0             
LS 2018C47000008033110/07/2018094923AGR4111000000108377309/07/201809/07/201809/07/201801656071Rgl/Fact  1639967        C4          4528  00    0             0639967                   0                       0                       0                       0                       0             
LS 2018C47000008033110/07/2018094923RGL5311014600108377309/07/201809/07/201809/07/201801656071Rgl/Facture 1639967 CARTED4          4528CB00    0             0639967                   0                       0                       0                       0                       0             
LS 2018C47000008033110/07/2018094923AGR4111000000108377309/07/201809/07/201809/07/201801656072Rgl/Fact  1639968        C4          1090  00    0             0639968                   0                       0                       0                       0                       0             
LS 2018C47000008033110/07/2018094923RGL5311014600108377309/07/201809/07/201809/07/201801656072Rgl/Facture 1639968 CARTED4          1090CB00    0             0639968                   0                       0                       0                       0                       0             
LS 2018C47000008033110/07/2018094923AGR4111000000108377309/07/201809/07/201809/07/201801656073Rgl/Fact  1639969        C4          2598  00    0             0639969                   0                       0                       0                       0                       0             
LS 2018C47000008033110/07/2018094923RGL5311014600108377309/07/201809/07/201809/07/201801656073Rgl/Facture 1639969 CARTED4          2598CB00    0             0639969                   0                       0                       0                       0                       0             
LS 2018C47000008033110/07/2018094923AGR4111000000108377309/07/201809/07/201809/07/201801656074Rgl/Fact  1639970        C4          1099  00    0             0639970                   0                       0                       0                       0                       0             
LS 2018C47000008033110/07/2018094923RGL5311014600108377309/07/201809/07/201809/07/201801656074Rgl/Facture 1639970 CARTED4          1099CB00    0             0639970                   0                       0                       0                       0                       0             
LS 2018C47000008033110/07/2018094923AGR4111000000108377309/07/201809/07/201809/07/201801656075Rgl/Fact  1639971        C4           584  00    0             0639971                   0                       0                       0                       0                       0             
LS 2018C47000008033110/07/2018094923RGL5311014600108377309/07/201809/07/201809/07/201801656075Rgl/Facture 1639971 CARTED4           584CB00    0             0639971                   0                       0                       0                       0                       0             
LS 2018C47000008033110/07/2018094923AGR4111000000108377309/07/201809/07/201809/07/201801656076Rgl/Fact  1639972        C4           299  00    0             0639972                   0                       0                       0                       0                       0             
LS 2018C47000008033110/07/2018094923RGL5311014600108377309/07/201809/07/201809/07/201801656076Rgl/Facture 1639972 ESPECD4           299ES00    0             0639972                   0                       0                       0                       0                       0             
LS 2018C47000008033110/07/2018094923AGR4111000000108377309/07/201809/07/201809/07/201801656077Rgl/Fact  1639973        C4          1499  00    0             0639973                   0                       0                       0                       0                       0             
LS 2018C47000008033110/07/2018094923RGL5311014600108377309/07/201809/07/201809/07/201801656077Rgl/Facture 1639973 CARTED4          1499CB00    0             0639973                   0                       0                       0                       0                       0             
LS 2018C47000008033110/07/2018094923AGR4111000000108377309/07/201809/07/201809/07/201801656078Rgl/Fact  1639974        C4          1905  00    0             0639974                   0                       0                       0                       0                       0             
LS 2018C47000008033110/07/2018094923RGL5311014600108377309/07/201809/07/201809/07/201801656078Rgl/Facture 1639974 CARTED4          1905CB00    0             0639974                   0                       0                       0                       0                       0             
LS 2018C47000008033110/07/2018094923AGR4111000000108377309/07/201809/07/201809/07/201801656079Rgl/Fact  1639975        C4          5288  00    0             0639975                   0                       0                       0                       0                       0             
LS 2018C47000008033110/07/2018094923RGL5311014600108377309/07/201809/07/201809/07/201801656079Rgl/Facture 1639975 CARTED4          5288CB00    0             0639975                   0                       0                       0                       0                       0             
LS 2018C47000008033110/07/2018094923AGR4111000000108377309/07/201809/07/201809/07/201801656080Rgl/Fact  1639976        C4          2765  00    0             0639976                   0                       0                       0                       0                       0             
LS 2018C47000008033110/07/2018094923RGL5311014600108377309/07/201809/07/201809/07/201801656080Rgl/Facture 1639976 CARTED4          2765CB00    0             0639976                   0                       0                       0                       0                       0             
LS 2018C47000008033110/07/2018094923AGR4111000000108377309/07/201809/07/201809/07/201801656081Rgl/Fact  1639977        C4          1903  00    0             0639977                   0                       0                       0                       0                       0             
LS 2018C47000008033110/07/2018094923RGL5311014600108377309/07/201809/07/201809/07/201801656081Rgl/Facture 1639977 CARTED4          1903CB00    0             0639977                   0                       0                       0                       0                       0             
LS 2018C47000008033110/07/2018094923AGR4111000000108377309/07/201809/07/201809/07/201801656082Rgl/Fact  1639978        C4           563  00    0             0639978                   0                       0                       0                       0                       0             
LS 2018C47000008033110/07/2018094923RGL5311014600108377309/07/201809/07/201809/07/201801656082Rgl/Facture 1639978 CARTED4           563CB00    0             0639978                   0                       0                       0                       0                       0             
LS 2018C47000008033110/07/2018094923AGR4111000000108377309/07/201809/07/201809/07/201801656083Rgl/Fact  1639979        C4          1441  00    0             0639979                   0                       0                       0                       0                       0             
LS 2018C47000008033110/07/2018094923RGL5311014600108377309/07/201809/07/201809/07/201801656083Rgl/Facture 1639979 ESPECD4          1441ES00    0             0639979                   0                       0                       0                       0                       0             
LS 2018C47000008033110/07/2018094923AGR4111000000108377309/07/201809/07/201809/07/201801656084Rgl/Fact  1639980        C4          1734  00    0             0639980                   0                       0                       0                       0                       0             
LS 2018C47000008033110/07/2018094923RGL5311014600108377309/07/201809/07/201809/07/201801656084Rgl/Facture 1639980 CARTED4          1734CB00    0             0639980                   0                       0                       0                       0                       0             
LS 2018C47000008033110/07/2018094923AGR4111000000108377309/07/201809/07/201809/07/201801656085Rgl/Fact  1639981        C4          5598  00    0             0639981                   0                       0                       0                       0                       0             
LS 2018C47000008033110/07/2018094923RGL5311014600108377309/07/201809/07/201809/07/201801656085Rgl/Facture 1639981 CARTED4          5598CB00    0             0639981                   0                       0                       0                       0                       0             
LS 2018C47000008033110/07/2018094923AGR4111000000108377309/07/201809/07/201809/07/201801656086Rgl/Fact  1639982        C4          1554  00    0             0639982                   0                       0                       0                       0                       0             
LS 2018C47000008033110/07/2018094923RGL5311014600108377309/07/201809/07/201809/07/201801656086Rgl/Facture 1639982 CARTED4          1554CB00    0             0639982                   0                       0                       0                       0                       0             
LS 2018C47000008033110/07/2018094923AGR4111000000108377309/07/201809/07/201809/07/201801656087Rgl/Fact  1639983        C4           249  00    0             0639983                   0                       0                       0                       0                       0             
LS 2018C47000008033110/07/2018094923RGL5311014600108377309/07/201809/07/201809/07/201801656087Rgl/Facture 1639983 ESPECD4           249ES00    0             0639983                   0                       0                       0                       0                       0             
LS 2018C47000008033110/07/2018094923AGR4111000000108377309/07/201809/07/201809/07/201801656088Rgl/Fact  1639984        C4          4296  00    0             0639984                   0                       0                       0                       0                       0             
LS 2018C47000008033110/07/2018094923RGL5311014600108377309/07/201809/07/201809/07/201801656088Rgl/Facture 1639984 ESPECD4          4296ES00    0             0639984                   0                       0                       0                       0                       0             
LS 2018C47000008033110/07/2018094923AGR4111000000108377309/07/201809/07/201809/07/201801656089Rgl/Fact  1639985        C4          1284  00    0             0639985                   0                       0                       0                       0                       0             
LS 2018C47000008033110/07/2018094923RGL5311014600108377309/07/201809/07/201809/07/201801656089Rgl/Facture 1639985 ESPECD4          1284ES00    0             0639985                   0                       0                       0                       0                       0             
LS 2018C47000008033110/07/2018094923AGR4111000000108377309/07/201809/07/201809/07/201801656091Rgl/Fact  1639987        C4          1750  00    0             0639987                   0                       0                       0                       0                       0             
LS 2018C47000008033110/07/2018094923RGL5311014600108377309/07/201809/07/201809/07/201801656091Rgl/Facture 1639987 CARTED4          1750CB00    0             0639987                   0                       0                       0                       0                       0             
LS 2018C47000008033110/07/2018094923AGR4111000000108377309/07/201809/07/201809/07/201801656092Rgl/Fact  1639988        C4           867  00    0             0639988                   0                       0                       0                       0                       0             
LS 2018C47000008033110/07/2018094923RGL5311014600108377309/07/201809/07/201809/07/201801656092Rgl/Facture 1639988 ESPECD4           867ES00    0             0639988                   0                       0                       0                       0                       0             
LS 2018C47000008033110/07/2018094923AGR4111000000108377309/07/201809/07/201809/07/201801656093Rgl/Avoir  1639989       D4         14935  00    0             0639989                   0                       0                       0                       0                       0             
LS 2018C47000008033110/07/2018094923RGL5311014600108377309/07/201809/07/201809/07/201801656093Rgl/Facture 1639989 CARTEC4         14935CB00    0             0639989                   0                       0                       0                       0                       0             
LS 2018C47000008033110/07/2018094923AGR4111000000108377309/07/201809/07/201809/07/201801656094Rgl/Fact  1639990        C4          1187  00    0             0639990                   0                       0                       0                       0                       0             
LS 2018C47000008033110/07/2018094923RGL5311014600108377309/07/201809/07/201809/07/201801656094Rgl/Facture 1639990 CARTED4          1187CB00    0             0639990                   0                       0                       0                       0                       0             
LS 2018C47000008033110/07/2018094923AGR4111000000108377309/07/201809/07/201809/07/201801656095Rgl/Fact  1639991        C4          3265  00    0             0639991                   0                       0                       0                       0                       0             
LS 2018C47000008033110/07/2018094923RGL5311014600108377309/07/201809/07/201809/07/201801656095Rgl/Facture 1639991 CARTED4          3265CB00    0             0639991                   0                       0                       0                       0                       0             
LS 2018C47000008033110/07/2018094923AGR4111000000108377309/07/201809/07/201809/07/201801656096Rgl/Fact  1639992        C4          1239  00    0             0639992                   0                       0                       0                       0                       0             
LS 2018C47000008033110/07/2018094923RGL5311014600108377309/07/201809/07/201809/07/201801656096Rgl/Facture 1639992 CARTED4          1239CB00    0             0639992                   0                       0                       0                       0                       0             
LS 2018C47000008033110/07/2018094923AGR4111000000108377309/07/201809/07/201809/07/201801656097Rgl/Fact  1639993        C4          1648  00    0             0639993                   0                       0                       0                       0                       0             
LS 2018C47000008033110/07/2018094923RGL5311014600108377309/07/201809/07/201809/07/201801656097Rgl/Facture 1639993 CARTED4          1648CB00    0             0639993                   0                       0                       0                       0                       0             
LS 2018C47000008033110/07/2018094923AGR4111000000108377309/07/201809/07/201809/07/201801656098Rgl/Fact  1639994        C4          2140  00    0             0639994                   0                       0                       0                       0                       0             
LS 2018C47000008033110/07/2018094923RGL5311014600108377309/07/201809/07/201809/07/201801656098Rgl/Facture 1639994 CARTED4          2140CB00    0             0639994                   0                       0                       0                       0                       0             
LS 2018C47000008033110/07/2018094923AGR4111000000108377309/07/201809/07/201809/07/201801656099Rgl/Fact  1639995        C4          2257  00    0             0639995                   0                       0                       0                       0                       0             
LS 2018C47000008033110/07/2018094923RGL5311014600108377309/07/201809/07/201809/07/201801656099Rgl/Facture 1639995 ESPECD4          2257ES00    0             0639995                   0                       0                       0                       0                       0             
LS 2018C47000008033110/07/2018094923AGR4111000000108377309/07/201809/07/201809/07/201801656100Rgl/Fact  1639996        C4           464  00    0             0639996                   0                       0                       0                       0                       0             
LS 2018C47000008033110/07/2018094923RGL5311014600108377309/07/201809/07/201809/07/201801656100Rgl/Facture 1639996 ESPECD4           464ES00    0             0639996                   0                       0                       0                       0                       0             
LS 2018C47000008033110/07/2018094924AGR4111000000108377309/07/201809/07/201809/07/201801656101Rgl/Fact  1639997        C4          6250  00    0             0639997                   0                       0                       0                       0                       0             
LS 2018C47000008033110/07/2018094924RGL5311014600108377309/07/201809/07/201809/07/201801656101Rgl/Facture 1639997 ESPECD4          6250ES00    0             0639997                   0                       0                       0                       0                       0             
LS 2018C47000008033110/07/2018094924AGR4111000000108377309/07/201809/07/201809/07/201801656102Rgl/Fact  1639998        C4          2091  00    0             0639998                   0                       0                       0                       0                       0             
LS 2018C47000008033110/07/2018094924RGL5311014600108377309/07/201809/07/201809/07/201801656102Rgl/Facture 1639998 CARTED4          2091CB00    0             0639998                   0                       0                       0                       0                       0             
LS 2018C47000008033110/07/2018094924AGR4111000000108377309/07/201809/07/201809/07/201801656103Rgl/Fact  1639999        C4          2849  00    0             0639999                   0                       0                       0                       0                       0             
LS 2018C47000008033110/07/2018094924RGL5311014600108377309/07/201809/07/201809/07/201801656103Rgl/Facture 1639999 CARTED4          2849CB00    0             0639999                   0                       0                       0                       0                       0             
LS 2018C47000008033110/07/2018094924AGR4111000000108377309/07/201809/07/201809/07/201801656104Rgl/Fact  1640000        C4           250  00    0             0640000                   0                       0                       0                       0                       0             
LS 2018C47000008033110/07/2018094924RGL5311014600108377309/07/201809/07/201809/07/201801656104Rgl/Facture 1640000 ESPECD4           250ES00    0             0640000                   0                       0                       0                       0                       0             
LS 2018C47000008033110/07/2018094924AGR4111000000108377309/07/201809/07/201809/07/201801656105Rgl/Fact  1640001        C4          2165  00    0             0640001                   0                       0                       0                       0                       0             
LS 2018C47000008033110/07/2018094924RGL5311014600108377309/07/201809/07/201809/07/201801656105Rgl/Facture 1640001 CARTED4          2165CB00    0             0640001                   0                       0                       0                       0                       0             
LS 2018C47000008033110/07/2018094924AGR4111000000108377309/07/201809/07/201809/07/201801656106Rgl/Fact  1640002        C4           399  00    0             0640002                   0                       0                       0                       0                       0             
LS 2018C47000008033110/07/2018094924RGL5311014600108377309/07/201809/07/201809/07/201801656106Rgl/Facture 1640002 CARTED4           399CB00    0             0640002                   0                       0                       0                       0                       0             
LS 2018C47000008033110/07/2018094924AGR4111000000108377309/07/201809/07/201809/07/201801656107Rgl/Fact  1640003        C4          1829  00    0             0640003                   0                       0                       0                       0                       0             
LS 2018C47000008033110/07/2018094924RGL5311014600108377309/07/201809/07/201809/07/201801656107Rgl/Facture 1640003 ESPECD4          1829ES00    0             0640003                   0                       0                       0                       0                       0             
LS 2018C47000008033110/07/2018094924AGR4111000000108377309/07/201809/07/201809/07/201801656108Rgl/Fact  1640004        C4          3134  00    0             0640004                   0                       0                       0                       0                       0             
LS 2018C47000008033110/07/2018094924RGL5311014600108377309/07/201809/07/201809/07/201801656108Rgl/Facture 1640004 CARTED4          3134CB00    0             0640004                   0                       0                       0                       0                       0             
LS 2018C47000008033110/07/2018094924AGR4111000000108377309/07/201809/07/201809/07/201801656109Rgl/Fact  1640005        C4          2655  00    0             0640005                   0                       0                       0                       0                       0             
LS 2018C47000008033110/07/2018094924RGL5311014600108377309/07/201809/07/201809/07/201801656109Rgl/Facture 1640005 CARTED4          2655CB00    0             0640005                   0                       0                       0                       0                       0             
LS 2018C47000008033110/07/2018094924AGR4111000002210119409/07/201809/07/201809/07/201801656090Rgl/Fact  1639986        C4           634  00    0             0639986                   0                       0                       0                       0                       0             
LS 2018C47000008033110/07/2018094924RGL5311014602210119409/07/201809/07/201809/07/201801656090Rgl/Facture 1639986 CARTED4           634CB00    0             0639986                   0                       0                       0                       0                       0             
LS 2018C47000008033110/07/2018094924AGR4111000002210123309/07/201809/07/201809/07/201801656051Rgl/Fact  1639947        C4            68  00    0             0639947                   0                       0                       0                       0                       0             
LS 2018C47000008033110/07/2018094924RGL5311014602210123309/07/201809/07/201809/07/201801656051Rgl/Facture 1639947 CARTED4            68CB00    0             0639947                   0                       0                       0                       0                       0             
LS 2018C47000008033110/07/2018094924AGR5840000001083773 09/07/201809/07/201809/07/201801656111Remise CR                D4           600  00    0             0000000                   0                       0                       0                       0                       0             
LS 2018C47000008033110/07/2018094924RGL531101460        09/07/201809/07/201809/07/201801656111Remise CR   SOGEC        C4           600CR00    0             0000000                   0                       0                       0                       0                       0             
LS 2018C47000008033110/07/2018094924RGL5830000001083773 09/07/201809/07/201809/07/201801656112146/Remise CB            D4        247341CB00    0             0000000                   0                       0                       0                       0                       0             
LS 2018C47000008033110/07/2018094924RGL531101460        09/07/201809/07/201809/07/201801656112146/Remise CB   CARTE    C4        247341CB00    0             0000000                   0                       0                       0                       0                       0             
