LS 2018C97000008034110/07/2018094941AGR4111000000108379909/07/201809/07/201809/07/201801732705Rgl/Fact  1722514        C4          2897  00    0             0722514                   0                       0                       0                       0                       0             
LS 2018C97000008034110/07/2018094941RGL5311019700108379909/07/201809/07/201809/07/201801732705Rgl/Facture 1722514 CARTED4          2897CB00    0             0722514                   0                       0                       0                       0                       0             
LS 2018C97000008034110/07/2018094941AGR4111000000108379909/07/201809/07/201809/07/201801732706Rgl/Fact  1722515        C4           668  00    0             0722515                   0                       0                       0                       0                       0             
LS 2018C97000008034110/07/2018094941RGL5311019700108379909/07/201809/07/201809/07/201801732706Rgl/Facture 1722515 ESPECD4           668ES00    0             0722515                   0                       0                       0                       0                       0             
LS 2018C97000008034110/07/2018094941AGR4111000000108379909/07/201809/07/201809/07/201801732707Rgl/Fact  1722516        C4           399  00    0             0722516                   0                       0                       0                       0                       0             
LS 2018C97000008034110/07/2018094941RGL5311019700108379909/07/201809/07/201809/07/201801732707Rgl/Facture 1722516 ESPECD4           399ES00    0             0722516                   0                       0                       0                       0                       0             
LS 2018C97000008034110/07/2018094941AGR4111000000108379909/07/201809/07/201809/07/201801732708Rgl/Fact  1722517        C4          2196  00    0             0722517                   0                       0                       0                       0                       0             
LS 2018C97000008034110/07/2018094941RGL5311019700108379909/07/201809/07/201809/07/201801732708Rgl/Facture 1722517 ESPECD4          2196ES00    0             0722517                   0                       0                       0                       0                       0             
LS 2018C97000008034110/07/2018094941AGR4111000000108379909/07/201809/07/201809/07/201801732709Rgl/Fact  1722518        C4           309  00    0             0722518                   0                       0                       0                       0                       0             
LS 2018C97000008034110/07/2018094941RGL5311019700108379909/07/201809/07/201809/07/201801732709Rgl/Facture 1722518 ESPECD4           309ES00    0             0722518                   0                       0                       0                       0                       0             
LS 2018C97000008034110/07/2018094941AGR4111000000108379909/07/201809/07/201809/07/201801732710Rgl/Fact  1722519        C4           538  00    0             0722519                   0                       0                       0                       0                       0             
LS 2018C97000008034110/07/2018094941RGL5311019700108379909/07/201809/07/201809/07/201801732710Rgl/Facture 1722519 CARTED4           538CB00    0             0722519                   0                       0                       0                       0                       0             
LS 2018C97000008034110/07/2018094941AGR4111000000108379909/07/201809/07/201809/07/201801732711Rgl/Fact  1722520        C4          1069  00    0             0722520                   0                       0                       0                       0                       0             
LS 2018C97000008034110/07/2018094941RGL5311019700108379909/07/201809/07/201809/07/201801732711Rgl/Facture 1722520 CARTED4          1069CB00    0             0722520                   0                       0                       0                       0                       0             
LS 2018C97000008034110/07/2018094941AGR4111000000108379909/07/201809/07/201809/07/201801732712Rgl/Fact  1722521        C4          2067  00    0             0722521                   0                       0                       0                       0                       0             
LS 2018C97000008034110/07/2018094941RGL5311019700108379909/07/201809/07/201809/07/201801732712Rgl/Facture 1722521 CARTED4          2067CB00    0             0722521                   0                       0                       0                       0                       0             
LS 2018C97000008034110/07/2018094941AGR4111000000108379909/07/201809/07/201809/07/201801732713Rgl/Fact  1722522        C4          1414  00    0             0722522                   0                       0                       0                       0                       0             
LS 2018C97000008034110/07/2018094941RGL5311019700108379909/07/201809/07/201809/07/201801732713Rgl/Facture 1722522 CARTED4          1414CB00    0             0722522                   0                       0                       0                       0                       0             
LS 2018C97000008034110/07/2018094941AGR4111000000108379909/07/201809/07/201809/07/201801732714Rgl/Fact  1722523        C4          3225  00    0             0722523                   0                       0                       0                       0                       0             
LS 2018C97000008034110/07/2018094941RGL5311019700108379909/07/201809/07/201809/07/201801732714Rgl/Facture 1722523 CARTED4          3225CB00    0             0722523                   0                       0                       0                       0                       0             
LS 2018C97000008034110/07/2018094941AGR4111000000108379909/07/201809/07/201809/07/201801732715Rgl/Fact  1722524        C4           180  00    0             0722524                   0                       0                       0                       0                       0             
LS 2018C97000008034110/07/2018094941RGL5311019700108379909/07/201809/07/201809/07/201801732715Rgl/Facture 1722524 ESPECD4           180ES00    0             0722524                   0                       0                       0                       0                       0             
LS 2018C97000008034110/07/2018094941AGR4111000000108379909/07/201809/07/201809/07/201801732716Rgl/Fact  1722525        C4           929  00    0             0722525                   0                       0                       0                       0                       0             
LS 2018C97000008034110/07/2018094941RGL5311019700108379909/07/201809/07/201809/07/201801732716Rgl/Facture 1722525 CARTED4           929CB00    0             0722525                   0                       0                       0                       0                       0             
LS 2018C97000008034110/07/2018094941AGR4111000000108379909/07/201809/07/201809/07/201801732717Rgl/Fact  1722526        C4          5490  00    0             0722526                   0                       0                       0                       0                       0             
LS 2018C97000008034110/07/2018094941RGL5311019700108379909/07/201809/07/201809/07/201801732717Rgl/Facture 1722526 CARTED4          4690CB00    0             0722526                   0                       0                       0                       0                       0             
LS 2018C97000008034110/07/2018094941RGL5311019700108379909/07/201809/07/201809/07/201801732717Rgl/Facture 1722526 SOGECD4           800CR00    0             0722526                   0                       0                       0                       0                       0             
LS 2018C97000008034110/07/2018094941AGR4111000000108379909/07/201809/07/201809/07/201801732718Rgl/Fact  1722527        C4         10590  00    0             0722527                   0                       0                       0                       0                       0             
LS 2018C97000008034110/07/2018094941RGL5311019700108379909/07/201809/07/201809/07/201801732718Rgl/Facture 1722527 CARTED4         10590CB00    0             0722527                   0                       0                       0                       0                       0             
LS 2018C97000008034110/07/2018094941AGR4111000000108379909/07/201809/07/201809/07/201801732719Rgl/Fact  1722528        C4          2378  00    0             0722528                   0                       0                       0                       0                       0             
LS 2018C97000008034110/07/2018094941RGL5311019700108379909/07/201809/07/201809/07/201801732719Rgl/Facture 1722528 CARTED4          2378CB00    0             0722528                   0                       0                       0                       0                       0             
LS 2018C97000008034110/07/2018094941AGR4111000000108379909/07/201809/07/201809/07/201801732720Rgl/Fact  1722529        C4           846  00    0             0722529                   0                       0                       0                       0                       0             
LS 2018C97000008034110/07/2018094941RGL5311019700108379909/07/201809/07/201809/07/201801732720Rgl/Facture 1722529 CARTED4           846CB00    0             0722529                   0                       0                       0                       0                       0             
LS 2018C97000008034110/07/2018094941AGR4111000000108379909/07/201809/07/201809/07/201801732721Rgl/Fact  1722530        C4          2299  00    0             0722530                   0                       0                       0                       0                       0             
LS 2018C97000008034110/07/2018094941RGL5311019700108379909/07/201809/07/201809/07/201801732721Rgl/Facture 1722530 CARTED4          2299CB00    0             0722530                   0                       0                       0                       0                       0             
LS 2018C97000008034110/07/2018094941AGR4111000000108379909/07/201809/07/201809/07/201801732722Rgl/Fact  1722531        C4          1645  00    0             0722531                   0                       0                       0                       0                       0             
LS 2018C97000008034110/07/2018094941RGL5311019700108379909/07/201809/07/201809/07/201801732722Rgl/Facture 1722531 ESPECD4          1645ES00    0             0722531                   0                       0                       0                       0                       0             
LS 2018C97000008034110/07/2018094941AGR4111000000108379909/07/201809/07/201809/07/201801732723Rgl/Fact  1722532        C4           372  00    0             0722532                   0                       0                       0                       0                       0             
LS 2018C97000008034110/07/2018094941RGL5311019700108379909/07/201809/07/201809/07/201801732723Rgl/Facture 1722532 CARTED4           372CB00    0             0722532                   0                       0                       0                       0                       0             
LS 2018C97000008034110/07/2018094941AGR4111000000108379909/07/201809/07/201809/07/201801732724Rgl/Fact  1722533        C4         12793  00    0             0722533                   0                       0                       0                       0                       0             
LS 2018C97000008034110/07/2018094941RGL5311019700108379909/07/201809/07/201809/07/201801732724Rgl/Facture 1722533 CARTED4         12793CB00    0             0722533                   0                       0                       0                       0                       0             
LS 2018C97000008034110/07/2018094941AGR4111000000108379909/07/201809/07/201809/07/201801732725Rgl/Fact  1722534        C4          1999  00    0             0722534                   0                       0                       0                       0                       0             
LS 2018C97000008034110/07/2018094941RGL5311019700108379909/07/201809/07/201809/07/201801732725Rgl/Facture 1722534 CARTED4          1999CB00    0             0722534                   0                       0                       0                       0                       0             
LS 2018C97000008034110/07/2018094941AGR4111000000108379909/07/201809/07/201809/07/201801732726Rgl/Fact  1722535        C4          1450  00    0             0722535                   0                       0                       0                       0                       0             
LS 2018C97000008034110/07/2018094941RGL5311019700108379909/07/201809/07/201809/07/201801732726Rgl/Facture 1722535 CARTED4          1450CB00    0             0722535                   0                       0                       0                       0                       0             
LS 2018C97000008034110/07/2018094941AGR4111000000108379909/07/201809/07/201809/07/201801732727Rgl/Fact  1722536        C4           499  00    0             0722536                   0                       0                       0                       0                       0             
LS 2018C97000008034110/07/2018094941RGL5311019700108379909/07/201809/07/201809/07/201801732727Rgl/Facture 1722536 CARTED4           499CB00    0             0722536                   0                       0                       0                       0                       0             
LS 2018C97000008034110/07/2018094941AGR4111000000108379909/07/201809/07/201809/07/201801732728Rgl/Fact  1722537        C4          1619  00    0             0722537                   0                       0                       0                       0                       0             
LS 2018C97000008034110/07/2018094941RGL5311019700108379909/07/201809/07/201809/07/201801732728Rgl/Facture 1722537 CARTED4          1619CB00    0             0722537                   0                       0                       0                       0                       0             
LS 2018C97000008034110/07/2018094941AGR4111000000108379909/07/201809/07/201809/07/201801732729Rgl/Fact  1722538        C4          1185  00    0             0722538                   0                       0                       0                       0                       0             
LS 2018C97000008034110/07/2018094941RGL5311019700108379909/07/201809/07/201809/07/201801732729Rgl/Facture 1722538 CARTED4          1185CB00    0             0722538                   0                       0                       0                       0                       0             
LS 2018C97000008034110/07/2018094941AGR4111000000108379909/07/201809/07/201809/07/201801732730Rgl/Fact  1722539        C4          1573  00    0             0722539                   0                       0                       0                       0                       0             
LS 2018C97000008034110/07/2018094941RGL5311019700108379909/07/201809/07/201809/07/201801732730Rgl/Facture 1722539 CARTED4          1573CB00    0             0722539                   0                       0                       0                       0                       0             
LS 2018C97000008034110/07/2018094941AGR4111000000108379909/07/201809/07/201809/07/201801732731Rgl/Fact  1722540        C4          1065  00    0             0722540                   0                       0                       0                       0                       0             
LS 2018C97000008034110/07/2018094941RGL5311019700108379909/07/201809/07/201809/07/201801732731Rgl/Facture 1722540 ESPECD4          1065ES00    0             0722540                   0                       0                       0                       0                       0             
LS 2018C97000008034110/07/2018094941AGR4111000000108379909/07/201809/07/201809/07/201801732732Rgl/Fact  1722541        C4           750  00    0             0722541                   0                       0                       0                       0                       0             
LS 2018C97000008034110/07/2018094941RGL5311019700108379909/07/201809/07/201809/07/201801732732Rgl/Facture 1722541 ESPECD4           750ES00    0             0722541                   0                       0                       0                       0                       0             
LS 2018C97000008034110/07/2018094941AGR4111000000108379909/07/201809/07/201809/07/201801732733Rgl/Fact  1722542        C4           896  00    0             0722542                   0                       0                       0                       0                       0             
LS 2018C97000008034110/07/2018094941RGL5311019700108379909/07/201809/07/201809/07/201801732733Rgl/Facture 1722542 CARTED4           896CB00    0             0722542                   0                       0                       0                       0                       0             
LS 2018C97000008034110/07/2018094941AGR4111000000108379909/07/201809/07/201809/07/201801732734Rgl/Fact  1722543        C4          2094  00    0             0722543                   0                       0                       0                       0                       0             
LS 2018C97000008034110/07/2018094941RGL5311019700108379909/07/201809/07/201809/07/201801732734Rgl/Facture 1722543 CARTED4          2094CB00    0             0722543                   0                       0                       0                       0                       0             
LS 2018C97000008034110/07/2018094941AGR4111000000108379909/07/201809/07/201809/07/201801732735Rgl/Fact  1722544        C4          1757  00    0             0722544                   0                       0                       0                       0                       0             
LS 2018C97000008034110/07/2018094941RGL5311019700108379909/07/201809/07/201809/07/201801732735Rgl/Facture 1722544 CARTED4          1757CB00    0             0722544                   0                       0                       0                       0                       0             
LS 2018C97000008034110/07/2018094941AGR4111000000108379909/07/201809/07/201809/07/201801732736Rgl/Fact  1722545        C4          2190  00    0             0722545                   0                       0                       0                       0                       0             
LS 2018C97000008034110/07/2018094941RGL5311019700108379909/07/201809/07/201809/07/201801732736Rgl/Facture 1722545 CARTED4          2190CB00    0             0722545                   0                       0                       0                       0                       0             
LS 2018C97000008034110/07/2018094941AGR4111000000108379909/07/201809/07/201809/07/201801732737Rgl/Fact  1722546        C4          1825  00    0             0722546                   0                       0                       0                       0                       0             
LS 2018C97000008034110/07/2018094941RGL5311019700108379909/07/201809/07/201809/07/201801732737Rgl/Facture 1722546 ESPECD4          1825ES00    0             0722546                   0                       0                       0                       0                       0             
LS 2018C97000008034110/07/2018094941AGR4111000000108379909/07/201809/07/201809/07/201801732738Rgl/Fact  1722547        C4          5854  00    0             0722547                   0                       0                       0                       0                       0             
LS 2018C97000008034110/07/2018094941RGL5311019700108379909/07/201809/07/201809/07/201801732738Rgl/Facture 1722547 CARTED4          5854CB00    0             0722547                   0                       0                       0                       0                       0             
LS 2018C97000008034110/07/2018094941AGR4111000000108379909/07/201809/07/201809/07/201801732739Rgl/Fact  1722548        C4           940  00    0             0722548                   0                       0                       0                       0                       0             
LS 2018C97000008034110/07/2018094941RGL5311019700108379909/07/201809/07/201809/07/201801732739Rgl/Facture 1722548 ESPECD4           940ES00    0             0722548                   0                       0                       0                       0                       0             
LS 2018C97000008034110/07/2018094941AGR4111000000108379909/07/201809/07/201809/07/201801732740Rgl/Avoir  1722549       D4           398  00    0             0722549                   0                       0                       0                       0                       0             
LS 2018C97000008034110/07/2018094941RGL4197000000108379909/07/201809/07/201809/07/201801732740Rgl/Facture 1722549 AVOIRC4           398BA00    0             0722549                   0                       0                       0                       0                       0             
LS 2018C97000008034110/07/2018094941AGR4111000000108379909/07/201809/07/201809/07/201801732741Rgl/Fact  1722550        C4           897  00    0             0722550                   0                       0                       0                       0                       0             
LS 2018C97000008034110/07/2018094941RGL4197000000108379909/07/201809/07/201809/07/201801732741Rgl/Facture 1722549 AVOIRD4           398AV00    0             0722550                   0                       0                       0                       0                       0             
LS 2018C97000008034110/07/2018094941RGL5311019700108379909/07/201809/07/201809/07/201801732741Rgl/Facture 1722550 ESPECD4           499ES00    0             0722550                   0                       0                       0                       0                       0             
LS 2018C97000008034110/07/2018094941AGR4111000000108379909/07/201809/07/201809/07/201801732742Rgl/Fact  1722551        C4          3139  00    0             0722551                   0                       0                       0                       0                       0             
LS 2018C97000008034110/07/2018094941RGL5311019700108379909/07/201809/07/201809/07/201801732742Rgl/Facture 1722551 CARTED4          3139CB00    0             0722551                   0                       0                       0                       0                       0             
LS 2018C97000008034110/07/2018094941AGR4111000000108379909/07/201809/07/201809/07/201801732743Rgl/Fact  1722552        C4          4299  00    0             0722552                   0                       0                       0                       0                       0             
LS 2018C97000008034110/07/2018094941RGL5311019700108379909/07/201809/07/201809/07/201801732743Rgl/Facture 1722552 CARTED4          4299CB00    0             0722552                   0                       0                       0                       0                       0             
LS 2018C97000008034110/07/2018094941AGR4111000000108379909/07/201809/07/201809/07/201801732744Rgl/Fact  1722553        C4          5194  00    0             0722553                   0                       0                       0                       0                       0             
LS 2018C97000008034110/07/2018094941RGL5311019700108379909/07/201809/07/201809/07/201801732744Rgl/Facture 1722553 ESPECD4          5194ES00    0             0722553                   0                       0                       0                       0                       0             
LS 2018C97000008034110/07/2018094942AGR4111000000108379909/07/201809/07/201809/07/201801732745Rgl/Fact  1722554        C4           499  00    0             0722554                   0                       0                       0                       0                       0             
LS 2018C97000008034110/07/2018094942RGL5311019700108379909/07/201809/07/201809/07/201801732745Rgl/Facture 1722554 ESPECD4           499ES00    0             0722554                   0                       0                       0                       0                       0             
LS 2018C97000008034110/07/2018094942AGR4111000000108379909/07/201809/07/201809/07/201801732746Rgl/Fact  1722555        C4          3830  00    0             0722555                   0                       0                       0                       0                       0             
LS 2018C97000008034110/07/2018094942RGL5311019700108379909/07/201809/07/201809/07/201801732746Rgl/Facture 1722555 CARTED4          3830CB00    0             0722555                   0                       0                       0                       0                       0             
LS 2018C97000008034110/07/2018094942AGR4111000000108379909/07/201809/07/201809/07/201801732747Rgl/Fact  1722556        C4          1590  00    0             0722556                   0                       0                       0                       0                       0             
LS 2018C97000008034110/07/2018094942RGL5311019700108379909/07/201809/07/201809/07/201801732747Rgl/Facture 1722556 ESPECD4          1590ES00    0             0722556                   0                       0                       0                       0                       0             
LS 2018C97000008034110/07/2018094942AGR4111000000108379909/07/201809/07/201809/07/201801732748Rgl/Fact  1722557        C4           999  00    0             0722557                   0                       0                       0                       0                       0             
LS 2018C97000008034110/07/2018094942RGL5311019700108379909/07/201809/07/201809/07/201801732748Rgl/Facture 1722557 CARTED4           999CB00    0             0722557                   0                       0                       0                       0                       0             
LS 2018C97000008034110/07/2018094942AGR4111000000108379909/07/201809/07/201809/07/201801732749Rgl/Fact  1722558        C4          2699  00    0             0722558                   0                       0                       0                       0                       0             
LS 2018C97000008034110/07/2018094942RGL5311019700108379909/07/201809/07/201809/07/201801732749Rgl/Facture 1722558 CARTED4          2699CB00    0             0722558                   0                       0                       0                       0                       0             
LS 2018C97000008034110/07/2018094942AGR4111000000108379909/07/201809/07/201809/07/201801732750Rgl/Fact  1722559        C4           249  00    0             0722559                   0                       0                       0                       0                       0             
LS 2018C97000008034110/07/2018094942RGL5311019700108379909/07/201809/07/201809/07/201801732750Rgl/Facture 1722559 ESPECD4           249ES00    0             0722559                   0                       0                       0                       0                       0             
LS 2018C97000008034110/07/2018094942AGR4111000000108379909/07/201809/07/201809/07/201801732751Rgl/Fact  1722560        C4           945  00    0             0722560                   0                       0                       0                       0                       0             
LS 2018C97000008034110/07/2018094942RGL5311019700108379909/07/201809/07/201809/07/201801732751Rgl/Facture 1722560 CARTED4           945CB00    0             0722560                   0                       0                       0                       0                       0             
LS 2018C97000008034110/07/2018094942AGR4111000000108379909/07/201809/07/201809/07/201801732752Rgl/Fact  1722561        C4           477  00    0             0722561                   0                       0                       0                       0                       0             
LS 2018C97000008034110/07/2018094942RGL5311019700108379909/07/201809/07/201809/07/201801732752Rgl/Facture 1722561 ESPECD4           477ES00    0             0722561                   0                       0                       0                       0                       0             
LS 2018C97000008034110/07/2018094942AGR4111000000108379909/07/201809/07/201809/07/201801732753Rgl/Fact  1722562        C4          2999  00    0             0722562                   0                       0                       0                       0                       0             
LS 2018C97000008034110/07/2018094942RGL5311019700108379909/07/201809/07/201809/07/201801732753Rgl/Facture 1722562 CARTED4          2999CB00    0             0722562                   0                       0                       0                       0                       0             
LS 2018C97000008034110/07/2018094942AGR4111000000108379909/07/201809/07/201809/07/201801732754Rgl/Fact  1722563        C4          4034  00    0             0722563                   0                       0                       0                       0                       0             
LS 2018C97000008034110/07/2018094942RGL5311019700108379909/07/201809/07/201809/07/201801732754Rgl/Facture 1722563 CARTED4          4034CB00    0             0722563                   0                       0                       0                       0                       0             
LS 2018C97000008034110/07/2018094942AGR4111000000108379909/07/201809/07/201809/07/201801732755Rgl/Fact  1722564        C4          1450  00    0             0722564                   0                       0                       0                       0                       0             
LS 2018C97000008034110/07/2018094942RGL5311019700108379909/07/201809/07/201809/07/201801732755Rgl/Facture 1722564 CARTED4          1450CB00    0             0722564                   0                       0                       0                       0                       0             
LS 2018C97000008034110/07/2018094942AGR4111000000108379909/07/201809/07/201809/07/201801732756Rgl/Fact  1722565        C4          2926  00    0             0722565                   0                       0                       0                       0                       0             
LS 2018C97000008034110/07/2018094942RGL5311019700108379909/07/201809/07/201809/07/201801732756Rgl/Facture 1722565 ESPECD4          2926ES00    0             0722565                   0                       0                       0                       0                       0             
LS 2018C97000008034110/07/2018094942AGR4111000000108379909/07/201809/07/201809/07/201801732757Rgl/Fact  1722566        C4          2073  00    0             0722566                   0                       0                       0                       0                       0             
LS 2018C97000008034110/07/2018094942RGL5311019700108379909/07/201809/07/201809/07/201801732757Rgl/Facture 1722566 CARTED4          2073CB00    0             0722566                   0                       0                       0                       0                       0             
LS 2018C97000008034110/07/2018094942AGR4111000000108379909/07/201809/07/201809/07/201801732758Rgl/Fact  1722567        C4           646  00    0             0722567                   0                       0                       0                       0                       0             
LS 2018C97000008034110/07/2018094942RGL5311019700108379909/07/201809/07/201809/07/201801732758Rgl/Facture 1722567 CARTED4           646CB00    0             0722567                   0                       0                       0                       0                       0             
LS 2018C97000008034110/07/2018094942AGR4111000000108379909/07/201809/07/201809/07/201801732759Rgl/Fact  1722568        C4          3844  00    0             0722568                   0                       0                       0                       0                       0             
LS 2018C97000008034110/07/2018094942RGL5311019700108379909/07/201809/07/201809/07/201801732759Rgl/Facture 1722568 CARTED4          3844CB00    0             0722568                   0                       0                       0                       0                       0             
LS 2018C97000008034110/07/2018094942AGR4111000000108379909/07/201809/07/201809/07/201801732760Rgl/Fact  1722569        C4          1299  00    0             0722569                   0                       0                       0                       0                       0             
LS 2018C97000008034110/07/2018094942RGL5311019700108379909/07/201809/07/201809/07/201801732760Rgl/Facture 1722569 ESPECD4          1299ES00    0             0722569                   0                       0                       0                       0                       0             
LS 2018C97000008034110/07/2018094942AGR4111000000108379909/07/201809/07/201809/07/201801732761Rgl/Fact  1722570        C4         30184  00    0             0722570                   0                       0                       0                       0                       0             
LS 2018C97000008034110/07/2018094942RGL5311019700108379909/07/201809/07/201809/07/201801732761Rgl/Facture 1722570 CARTED4         30184CB00    0             0722570                   0                       0                       0                       0                       0             
LS 2018C97000008034110/07/2018094942AGR4111000000108379909/07/201809/07/201809/07/201801732762Rgl/Fact  1722571        C4          1939  00    0             0722571                   0                       0                       0                       0                       0             
LS 2018C97000008034110/07/2018094942RGL5311019700108379909/07/201809/07/201809/07/201801732762Rgl/Facture 1722571 CARTED4          1939CB00    0             0722571                   0                       0                       0                       0                       0             
LS 2018C97000008034110/07/2018094942AGR4111000000108379909/07/201809/07/201809/07/201801732763Rgl/Fact  1722572        C4          2747  00    0             0722572                   0                       0                       0                       0                       0             
LS 2018C97000008034110/07/2018094942RGL5311019700108379909/07/201809/07/201809/07/201801732763Rgl/Facture 1722572 CARTED4          2747CB00    0             0722572                   0                       0                       0                       0                       0             
LS 2018C97000008034110/07/2018094942AGR4111000000108379909/07/201809/07/201809/07/201801732764Rgl/Fact  1722573        C4           969  00    0             0722573                   0                       0                       0                       0                       0             
LS 2018C97000008034110/07/2018094942RGL5311019700108379909/07/201809/07/201809/07/201801732764Rgl/Facture 1722573 CARTED4           969CB00    0             0722573                   0                       0                       0                       0                       0             
LS 2018C97000008034110/07/2018094942AGR4111000000108379909/07/201809/07/201809/07/201801732765Rgl/Fact  1722574        C4          1913  00    0             0722574                   0                       0                       0                       0                       0             
LS 2018C97000008034110/07/2018094942RGL5311019700108379909/07/201809/07/201809/07/201801732765Rgl/Facture 1722574 CARTED4          1913CB00    0             0722574                   0                       0                       0                       0                       0             
LS 2018C97000008034110/07/2018094942AGR4111000000108379909/07/201809/07/201809/07/201801732766Rgl/Fact  1722575        C4          2370  00    0             0722575                   0                       0                       0                       0                       0             
LS 2018C97000008034110/07/2018094942RGL5311019700108379909/07/201809/07/201809/07/201801732766Rgl/Facture 1722575 CARTED4          2370CB00    0             0722575                   0                       0                       0                       0                       0             
LS 2018C97000008034110/07/2018094942AGR4111000000108379909/07/201809/07/201809/07/201801732767Rgl/Fact  1722576        C4         20272  00    0             0722576                   0                       0                       0                       0                       0             
LS 2018C97000008034110/07/2018094942RGL5311019700108379909/07/201809/07/201809/07/201801732767Rgl/Facture 1722576 CARTED4         20272CB00    0             0722576                   0                       0                       0                       0                       0             
LS 2018C97000008034110/07/2018094942AGR4111000000108379909/07/201809/07/201809/07/201801732768Rgl/Fact  1722577        C4          2391  00    0             0722577                   0                       0                       0                       0                       0             
LS 2018C97000008034110/07/2018094942RGL5311019700108379909/07/201809/07/201809/07/201801732768Rgl/Facture 1722577 CARTED4          2391CB00    0             0722577                   0                       0                       0                       0                       0             
LS 2018C97000008034110/07/2018094942AGR4111000000108379909/07/201809/07/201809/07/201801732769Rgl/Fact  1722578        C4          9044  00    0             0722578                   0                       0                       0                       0                       0             
LS 2018C97000008034110/07/2018094942RGL5311019700108379909/07/201809/07/201809/07/201801732769Rgl/Facture 1722578 CARTED4          9044CB00    0             0722578                   0                       0                       0                       0                       0             
LS 2018C97000008034110/07/2018094942AGR4111000000108379909/07/201809/07/201809/07/201801732770Rgl/Fact  1722579        C4          2278  00    0             0722579                   0                       0                       0                       0                       0             
LS 2018C97000008034110/07/2018094942RGL5311019700108379909/07/201809/07/201809/07/201801732770Rgl/Facture 1722579 CARTED4          2278CB00    0             0722579                   0                       0                       0                       0                       0             
LS 2018C97000008034110/07/2018094942AGR4111000000108379909/07/201809/07/201809/07/201801732771Rgl/Fact  1722580        C4          3106  00    0             0722580                   0                       0                       0                       0                       0             
LS 2018C97000008034110/07/2018094942RGL5311019700108379909/07/201809/07/201809/07/201801732771Rgl/Facture 1722580 CARTED4          3106CB00    0             0722580                   0                       0                       0                       0                       0             
LS 2018C97000008034110/07/2018094942AGR4111000000108379909/07/201809/07/201809/07/201801732772Rgl/Fact  1722581        C4          6071  00    0             0722581                   0                       0                       0                       0                       0             
LS 2018C97000008034110/07/2018094942RGL5311019700108379909/07/201809/07/201809/07/201801732772Rgl/Facture 1722581 CARTED4          6071CB00    0             0722581                   0                       0                       0                       0                       0             
LS 2018C97000008034110/07/2018094942AGR4111000000108379909/07/201809/07/201809/07/201801732773Rgl/Fact  1722582        C4          1999  00    0             0722582                   0                       0                       0                       0                       0             
LS 2018C97000008034110/07/2018094942RGL5311019700108379909/07/201809/07/201809/07/201801732773Rgl/Facture 1722582 ESPECD4          1999ES00    0             0722582                   0                       0                       0                       0                       0             
LS 2018C97000008034110/07/2018094942AGR4111000000108379909/07/201809/07/201809/07/201801732774Rgl/Fact  1722583        C4          2999  00    0             0722583                   0                       0                       0                       0                       0             
LS 2018C97000008034110/07/2018094942RGL5311019700108379909/07/201809/07/201809/07/201801732774Rgl/Facture 1722583 CARTED4          2999CB00    0             0722583                   0                       0                       0                       0                       0             
LS 2018C97000008034110/07/2018094942AGR4111000000108379909/07/201809/07/201809/07/201801732775Rgl/Fact  1722584        C4          1596  00    0             0722584                   0                       0                       0                       0                       0             
LS 2018C97000008034110/07/2018094942RGL5311019700108379909/07/201809/07/201809/07/201801732775Rgl/Facture 1722584 CARTED4          1596CB00    0             0722584                   0                       0                       0                       0                       0             
LS 2018C97000008034110/07/2018094942AGR4111000000108379909/07/201809/07/201809/07/201801732776Rgl/Fact  1722585        C4          1896  00    0             0722585                   0                       0                       0                       0                       0             
LS 2018C97000008034110/07/2018094942RGL5311019700108379909/07/201809/07/201809/07/201801732776Rgl/Facture 1722585 CARTED4          1896CB00    0             0722585                   0                       0                       0                       0                       0             
LS 2018C97000008034110/07/2018094942AGR5840000001083799 09/07/201809/07/201809/07/201801732780Remise CR                D4           800  00    0             0000000                   0                       0                       0                       0                       0             
LS 2018C97000008034110/07/2018094942RGL531101970        09/07/201809/07/201809/07/201801732780Remise CR   SOGEC        C4           800CR00    0             0000000                   0                       0                       0                       0                       0             
LS 2018C97000008034110/07/2018094942RGL5830000001083799 09/07/201809/07/201809/07/201801732781197/Remise CB            D4        187955CB00    0             0000000                   0                       0                       0                       0                       0             
LS 2018C97000008034110/07/2018094942RGL531101970        09/07/201809/07/201809/07/201801732781197/Remise CB   CARTE    C4        187955CB00    0             0000000                   0                       0                       0                       0                       0             
